30 80 51 
96 38 71 
68 78 40 
9 86 11 
14 65 34 
60 14 90 
99 20 13 
24 98 21 
80 36 67 
45 1 29 
89 52 53 
56 18 64 
45 85 81 
32 65 41 
63 73 53 
22 75 1 
86 90 43 
78 91 93 
72 67 20 
97 10 54 
30 90 96 
38 85 49 
96 85 90 
77 10 96 
94 73 89 
58 35 61 
63 79 63 
11 98 58 
10 11 83 
85 55 46 
82 78 35 
64 66 73 
2 52 74 
93 98 88 
20 68 85 
53 37 8 
65 64 5 
50 9 94 
80 32 11 
97 86 73 
76 95 67 
87 48 18 
82 62 87 
81 99 67 
83 70 50 
83 30 88 
42 45 66 
51 29 66 
56 62 2 
56 82 32 
77 64 48 
79 50 24 
85 64 8 
71 57 71 
47 71 77 
78 56 37 
31 47 64 
43 48 87 
36 79 39 
68 71 37 
67 15 32 
91 3 26 
69 88 13 
52 85 70 
32 54 54 
85 70 44 
34 94 18 
49 27 21 
73 76 72 
41 0 51 
19 93 29 
44 40 80 
77 57 35 
57 57 72 
32 57 72 
16 21 5 
32 42 97 
50 65 11 
52 14 90 
29 32 0 
77 44 46 
64 85 63 
63 29 74 
44 41 58 
25 56 13 
2 68 98 
7 7 61 
13 96 1 
42 0 83 
76 3 62 
81 72 51 
71 41 32 
72 21 48 
65 37 54 
17 67 13 
41 37 67 
18 39 69 
83 31 48 
32 40 61 
13 62 42 
64 5 37 
73 38 75 
91 30 11 
74 48 47 
11 76 18 
12 37 74 
90 50 56 
61 21 77 
11 5 15 
25 4 34 
59 60 16 
87 91 47 
21 29 77 
78 81 53 
65 69 44 
25 61 65 
28 77 7 
14 83 80 
10 45 20 
84 35 49 
18 6 37 
98 57 51 
15 43 22 
92 5 4 
41 63 74 
54 88 6 
25 50 79 
7 29 87 
75 69 73 
96 96 62 
60 37 90 
30 89 68 
97 11 26 
3 99 85 
81 93 42 
15 0 94 
63 78 82 
39 63 2 
10 97 71 
60 80 16 
65 55 64 
11 9 93 
69 34 73 
19 15 5 
13 47 37 
39 17 62 
42 9 60 
30 32 88 
5 34 85 
36 53 72 
26 43 72 
50 41 93 
35 12 59 
45 73 40 
54 23 28 
79 63 56 
58 32 48 
23 41 70 
8 33 24 
55 31 64 
3 50 67 
31 49 12 
91 69 63 
58 3 91 
36 42 96 
35 43 5 
85 2 37 
56 38 88 
68 65 65 
95 51 19 
3 5 38 
29 24 50 
48 44 60 
29 91 60 
71 17 92 
36 0 80 
64 72 83 
23 82 42 
85 24 42 
40 55 72 
73 57 1 
15 82 2 
76 82 4 
91 6 24 
89 38 98 
52 51 39 
6 29 97 
84 67 78 
8 7 0 
16 67 42 
59 49 31 
75 5 51 
59 20 63 
97 79 72 
64 70 94 
35 9 34 
50 42 67 
24 51 70 
11 74 85 
39 8 14 
14 44 20 
95 85 82 
72 31 96 
24 57 74 
47 80 15 
18 14 51 
30 89 73 
10 41 32 
74 50 14 
69 63 1 
11 35 28 
41 6 89 
47 65 69 
12 26 10 
55 81 73 
15 86 18 
29 79 75 
55 28 50 
75 25 14 
67 41 2 
19 62 91 
28 90 54 
50 94 53 
16 76 79 
50 69 17 
98 41 84 
77 17 51 
99 59 90 
6 7 82 
71 90 54 
79 93 76 
2 76 39 
46 95 43 
60 18 5 
86 14 38 
77 29 85 
86 68 72 
63 63 86 
19 29 89 
37 64 38 
60 71 80 
82 52 3 
32 82 48 
63 41 46 
51 2 34 
71 30 40 
41 90 2 
54 96 0 
22 69 61 
92 7 99 
24 90 14 
97 56 53 
77 92 77 
4 54 51 
61 95 44 
23 0 97 
4 83 96 
5 95 39 
88 9 84 
36 12 46 
13 30 87 
95 81 72 
84 42 40 
35 7 12 
23 42 10 
5 41 57 
77 75 74 
25 66 74 
30 26 65 
64 9 30 
97 13 78 
69 47 17 
93 62 99 
33 45 5 
88 52 14 
9 96 47 
10 67 68 
51 89 8 
52 89 55 
60 18 10 
93 19 3 
24 96 69 
50 53 85 
48 98 27 
52 49 42 
67 60 47 
19 81 66 
91 21 72 
37 64 13 
90 74 88 
55 55 3 
64 10 27 
77 53 48 
97 63 80 
40 2 73 
56 92 29 
29 81 40 
47 82 2 
64 82 38 
82 42 2 
74 8 24 
40 9 49 
94 54 86 
50 39 47 
65 90 77 
27 39 53 
15 14 24 
86 82 34 
83 54 2 
61 88 42 
53 27 64 
45 90 3 
49 45 60 
54 75 0 
37 25 4 
38 25 79 
71 45 94 
94 55 99 
30 12 78 
7 50 49 
14 83 60 
23 8 9 
24 18 0 
17 71 85 
80 82 62 
61 28 39 
29 20 73 
71 89 5 
64 80 30 
70 2 25 
37 90 50 
66 71 92 
18 48 10 
55 73 89 
56 28 61 
80 80 77 
85 1 24 
64 37 52 
76 87 32 
80 56 8 
2 46 34 
24 30 74 
20 52 98 
45 13 84 
18 3 1 
43 25 56 
37 99 98 
53 78 1 
75 44 40 
8 43 72 
44 79 49 
53 93 91 
59 20 37 
5 36 33 
71 40 85 
66 24 7 
6 43 57 
82 56 19 
51 9 14 
46 76 68 
17 87 24 
17 68 0 
74 63 12 
3 50 1 
3 44 7 
59 31 0 
69 42 18 
16 38 81 
51 10 0 
47 43 63 
28 72 10 
82 54 72 
35 48 86 
81 35 12 
41 7 96 
89 82 72 
80 94 42 
26 98 25 
94 18 15 
27 41 19 
98 74 81 
14 49 68 
22 74 78 
32 12 43 
74 63 60 
3 95 16 
6 13 60 
19 77 78 
37 22 84 
44 80 65 
84 48 35 
68 66 63 
63 50 42 
5 17 28 
16 23 50 
95 50 53 
0 50 98 
81 35 76 
70 5 77 
8 41 11 
82 41 7 
40 66 36 
60 84 84 
56 56 28 
51 22 7 
19 47 68 
48 37 99 
23 91 4 
72 52 75 
61 80 51 
48 39 92 
62 41 50 
19 83 13 
3 48 69 
4 86 5 
36 36 33 
25 72 53 
83 63 6 
60 46 76 
96 82 49 
63 30 93 
8 19 61 
83 46 45 
49 95 18 
94 97 16 
9 19 2 
35 63 76 
49 25 35 
53 44 93 
36 19 11 
34 21 94 
61 48 3 
11 26 91 
12 81 49 
81 24 32 
42 54 8 
25 25 45 
43 63 67 
52 53 17 
24 22 32 
13 26 40 
44 97 6 
62 2 80 
4 20 53 
15 75 60 
45 4 57 
5 39 3 
84 21 36 
87 83 51 
45 51 39 
60 27 38 
25 3 36 
43 94 26 
54 45 32 
79 47 91 
25 31 40 
95 93 90 
10 20 1 
27 70 52 
48 1 35 
11 93 94 
49 41 83 
87 97 98 
4 12 71 
96 37 14 
95 36 68 
6 71 53 
52 15 13 
33 33 7 
41 30 67 
74 64 32 
89 92 87 
12 0 84 
37 40 14 
69 98 55 
72 28 78 
68 83 74 
57 34 62 
59 52 83 
50 82 76 
97 4 71 
18 44 79 
31 63 37 
70 83 57 
6 44 56 
77 51 44 
17 58 21 
24 1 90 
29 76 51 
15 63 96 
51 37 64 
14 55 39 
21 21 70 
35 77 35 
63 1 16 
91 13 18 
48 54 78 
17 16 15 
2 22 32 
6 57 75 
56 83 95 
48 16 6 
82 77 64 
40 41 53 
27 71 37 
97 9 59 
57 63 46 
58 62 45 
29 93 66 
77 73 15 
68 14 61 
1 65 31 
37 19 5 
2 56 79 
25 75 53 
71 7 58 
15 23 15 
18 48 3 
21 56 55 
30 95 72 
53 64 0 
1 65 17 
97 79 83 
42 71 64 
3 11 13 
16 89 90 
75 6 80 
68 27 58 
95 61 32 
40 8 41 
36 25 39 
32 70 57 
41 33 71 
12 78 62 
20 33 63 
59 73 64 
40 69 1 
51 37 85 
78 19 64 
62 66 7 
54 14 13 
21 9 60 
53 76 85 
94 8 87 
17 16 25 
88 45 45 
54 98 82 
12 75 51 
6 71 63 
5 0 23 
23 12 82 
83 63 77 
37 75 49 
44 9 19 
79 22 66 
72 13 97 
49 5 78 
4 59 74 
47 12 27 
1 90 87 
54 23 67 
95 0 14 
33 39 68 
98 27 56 
45 0 28 
70 23 17 
12 4 23 
12 20 29 
51 40 97 
88 59 20 
11 99 45 
60 55 12 
0 19 83 
56 86 9 
10 91 12 
7 80 16 
29 96 10 
40 71 14 
57 53 77 
13 95 85 
16 84 23 
45 60 26 
2 99 61 
83 50 9 
43 39 54 
47 51 9 
6 10 88 
80 56 51 
16 98 51 
88 22 58 
15 54 96 
84 1 87 
60 70 25 
8 53 97 
17 9 95 
80 8 99 
86 93 18 
70 79 30 
25 97 35 
29 73 15 
46 62 16 
99 84 57 
66 26 73 
64 63 43 
94 63 8 
99 65 18 
14 75 97 
77 77 75 
16 61 58 
52 25 75 
71 8 41 
2 91 36 
51 78 80 
94 31 39 
84 20 89 
18 32 57 
19 90 15 
51 16 25 
86 73 81 
18 54 77 
67 46 74 
44 3 50 
59 33 27 
32 22 51 
2 79 20 
71 97 12 
68 58 83 
95 40 83 
26 74 25 
75 95 64 
73 12 64 
61 21 31 
31 93 68 
70 18 6 
9 98 57 
98 96 49 
0 65 80 
78 29 19 
19 11 0 
0 22 63 
46 24 39 
82 7 10 
61 78 30 
52 26 15 
26 33 11 
25 37 29 
67 12 60 
4 40 89 
27 74 43 
27 31 90 
82 80 61 
78 69 89 
35 26 56 
91 73 66 
38 12 33 
85 3 94 
54 99 13 
45 99 34 
33 31 52 
29 29 99 
92 33 88 
2 2 29 
10 22 77 
16 80 40 
33 64 3 
57 43 5 
41 63 56 
58 11 9 
19 63 86 
76 79 80 
55 15 86 
96 1 37 
3 6 2 
86 17 24 
85 31 25 
37 46 30 
50 81 90 
26 91 42 
0 46 13 
10 76 92 
57 6 31 
12 60 52 
60 93 97 
60 14 32 
87 8 97 
34 96 30 
57 24 60 
7 96 37 
14 20 44 
86 92 63 
18 83 2 
83 25 40 
85 49 81 
11 24 36 
9 95 10 
26 94 84 
65 79 50 
13 75 48 
18 22 83 
12 72 36 
54 24 44 
85 2 45 
99 32 18 
74 28 61 
92 97 11 
25 60 82 
27 49 53 
43 73 59 
9 47 85 
68 88 61 
7 56 49 
62 94 99 
12 78 79 
41 71 87 
6 16 12 
4 41 53 
63 17 61 
28 52 74 
28 32 31 
85 47 95 
62 40 97 
49 50 59 
89 55 26 
94 21 30 
4 26 2 
81 65 37 
13 31 68 
83 3 55 
58 14 85 
58 64 53 
27 23 36 
72 23 9 
45 67 92 
86 6 66 
3 78 69 
64 76 54 
3 35 38 
18 74 35 
73 61 98 
60 40 40 
54 13 94 
4 80 10 
55 39 46 
82 47 25 
53 53 3 
51 1 56 
73 73 14 
59 17 96 
3 37 3 
42 10 3 
47 65 95 
1 27 54 
32 94 0 
59 48 3 
75 67 67 
41 24 60 
89 55 76 
4 54 96 
84 60 62 
99 38 94 
96 88 60 
39 68 31 
18 93 69 
23 83 73 
36 74 7 
39 87 35 
35 96 9 
28 17 81 
19 91 66 
54 74 26 
29 14 65 
54 58 13 
45 84 71 
33 35 53 
30 65 79 
76 19 39 
91 5 59 
41 57 81 
5 67 68 
11 52 39 
88 45 45 
60 57 95 
50 87 78 
23 35 90 
46 29 60 
35 98 1 
68 90 53 
7 20 50 
81 90 27 
25 38 13 
56 53 36 
78 29 25 
56 95 71 
77 78 45 
33 45 86 
23 53 36 
72 12 85 
19 58 52 
3 99 16 
44 15 89 
65 48 60 
57 69 61 
69 1 41 
32 53 83 
39 25 5 
76 78 94 
86 30 96 
46 50 52 
90 81 50 
44 83 71 
78 50 21 
89 68 55 
29 35 65 
81 33 3 
20 53 75 
9 0 60 
11 63 62 
98 17 50 
51 44 69 
22 4 58 
91 38 38 
4 82 32 
46 4 6 
16 98 51 
56 34 61 
51 55 53 
45 42 81 
37 46 73 
4 9 89 
51 86 58 
30 95 33 
86 62 43 
95 64 92 
42 45 27 
23 37 2 
5 23 21 
99 86 44 
96 84 49 
96 97 13 
15 43 29 
70 1 26 
92 24 98 
59 59 42 
30 98 55 
78 65 40 
90 67 56 
19 28 14 
12 14 0 
88 23 2 
0 20 71 
38 30 49 
17 47 1 
99 31 87 
44 73 33 
78 77 25 
33 98 97 
15 14 83 
78 30 70 
18 25 64 
6 47 93 
17 81 8 
43 59 31 
81 59 77 
49 45 54 
12 66 50 
62 53 76 
51 12 81 
31 17 32 
57 49 28 
10 18 3 
8 31 19 
30 0 50 
68 58 9 
48 31 55 
13 46 17 
45 54 77 
24 13 6 
50 70 52 
17 99 64 
4 61 97 
92 9 24 
92 96 6 
71 68 52 
35 38 34 
57 93 80 
38 51 77 
24 2 80 
37 40 31 
58 13 69 
69 71 0 
48 53 67 
9 27 67 
66 4 59 
50 50 93 
4 99 99 
53 81 19 
41 26 62 
36 18 48 
79 34 89 
1 59 48 
18 12 61 
82 26 82 
82 92 38 
97 11 74 
43 86 40 
9 25 56 
96 42 92 
81 91 93 
90 85 26 
9 10 69 
99 59 28 
85 20 88 
55 93 44 
59 3 92 
19 90 15 
90 37 75 
18 5 18 
89 72 90 
0 4 31 
97 66 71 
7 20 95 
5 51 39 
22 35 8 
1 97 68 
11 10 88 
76 18 6 
51 24 87 
73 46 14 
25 88 4 
45 99 71 
54 97 98 
87 17 72 
17 69 42 
59 47 55 
89 75 60 
11 33 46 
40 62 98 
70 24 43 
64 64 90 
68 47 44 
36 72 30 
65 8 53 
60 31 79 
44 33 24 
29 59 61 
80 3 90 
14 42 72 
5 87 72 
73 69 97 
86 53 81 
33 46 71 
67 10 20 
97 67 17 
30 8 71 
26 95 25 
44 80 35 
12 24 35 
10 43 8 
26 38 34 
79 80 98 
92 36 63 
73 56 69 
55 38 28 
61 39 37 
98 3 65 
34 66 31 
47 4 83 
24 81 57 
53 2 13 
60 90 46 
97 43 96 
33 64 34 
91 93 4 
28 35 62 
74 68 59 
27 2 6 
91 95 16 
39 92 47 
80 59 2 
8 10 10 
14 46 41 
33 89 27 
60 85 99 
32 5 28 
20 87 98 
55 89 8 
38 4 10 
73 45 69 
70 20 70 
88 94 6 
40 12 99 
30 14 80 
94 98 36 
99 89 18 
23 47 56 
43 16 42 
6 86 16 
54 97 24 
14 40 6 
48 69 84 
36 95 87 
2 18 23 
71 60 9 
83 35 62 
57 90 29 
90 51 59 
91 94 14 
4 24 50 
32 97 65 
50 36 70 
72 19 74 
71 0 37 
6 56 1 
81 0 46 
33 80 83 
29 75 28 
53 26 52 
21 71 50 
63 50 37 
32 4 41 
52 7 88 
61 86 83 
82 83 46 
6 46 51 
0 38 99 
3 35 22 
58 96 41 
21 85 84 
87 50 12 
44 63 92 
31 7 98 
15 99 82 
57 39 74 
93 41 17 
89 10 17 
0 96 1 
69 30 17 
64 37 47 
8 60 28 
37 59 55 
33 33 72 
59 73 93 
71 50 74 
70 34 0 
48 44 58 
31 91 68 
48 89 92 
88 40 67 
59 65 33 
71 40 54 
72 39 40 
68 17 84 
94 78 12 
66 27 33 
24 54 11 
15 62 16 
33 65 8 
67 65 73 
56 37 0 
27 30 95 
96 82 64 
47 16 65 
49 60 65 
85 40 60 
74 72 64 
53 26 0 
84 38 93 
3 59 14 
68 1 7 
41 56 72 
33 18 51 
44 59 1 
57 83 81 
42 10 67 
21 66 81 
26 0 80 
9 72 88 
66 53 91 
41 32 1 
63 48 9 
54 1 41 
46 15 2 
59 20 2 
75 84 34 
73 51 99 
82 10 19 
78 26 63 
86 15 98 
2 57 94 
64 20 56 
8 40 0 
33 7 2 
18 28 78 
20 88 81 
30 56 50 
6 56 70 
97 72 65 
9 77 63 
84 72 63 
20 15 38 
28 51 65 
95 60 53 
86 85 73 
0 7 86 
92 64 11 
12 24 40 
62 92 84 
93 98 52 
95 2 59 
18 98 25 
99 66 54 
97 74 36 
11 61 22 
85 52 67 
50 32 92 
16 88 54 
32 36 93 
10 77 81 
0 35 77 
41 17 2 
1 71 35 
40 10 77 
67 56 61 
20 24 33 
43 91 88 
71 68 83 
12 14 30 
50 35 51 
90 93 63 
14 39 60 
77 87 42 
19 38 37 
96 52 21 
83 89 14 
95 81 53 
4 80 19 
42 34 32 
45 94 48 
58 39 69 
40 35 65 
48 12 71 
37 23 17 
52 11 64 
58 59 74 
49 20 99 
93 12 46 
31 89 32 
31 55 77 
19 99 5 
65 99 31 
29 44 61 
57 76 80 
48 4 85 
71 85 34 
14 19 23 
70 28 17 
34 64 55 
23 32 58 
17 23 55 
82 65 87 
67 26 84 
23 19 30 
79 76 63 
76 38 6 
21 64 96 
43 36 23 
3 17 20 
14 14 98 
68 27 18 
16 36 51 
5 28 99 
8 69 58 
15 8 48 
53 79 22 
6 86 14 
37 99 67 
80 24 7 
74 90 57 
48 59 69 
33 19 66 
51 30 5 
76 21 57 
79 85 64 
70 59 35 
11 54 45 
65 29 17 
55 46 83 
80 80 46 
19 97 3 
45 38 0 
39 35 8 
88 21 84 
98 70 38 
57 33 9 
69 46 12 
7 44 77 
53 7 10 
31 44 52 
31 78 69 
77 77 31 
45 45 62 
65 34 33 
58 38 30 
75 98 8 
77 53 77 
10 70 6 
46 76 56 
20 90 76 
65 28 91 
31 18 14 
9 23 96 
72 64 50 
47 44 91 
55 53 51 
8 23 33 
41 31 83 
76 35 27 
61 96 72 
62 32 52 
83 89 43 
67 99 84 
92 68 8 
86 65 77 
45 17 55 
6 71 75 
35 65 49 
52 86 60 
69 92 47 
82 58 75 
83 78 85 
11 76 4 
97 29 10 
41 74 28 
66 81 34 
34 87 35 
31 35 91 
85 67 43 
37 52 4 
3 0 14 
10 20 9 
55 60 43 
32 33 15 
88 13 63 
45 84 92 
31 12 92 
65 82 17 
21 22 25 
16 17 26 
21 97 55 
99 8 69 
1 93 30 
21 32 69 
81 66 10 
1 21 22 
12 33 55 
58 51 3 
0 40 92 
42 36 67 
64 67 35 
92 65 8 
68 15 98 
50 21 43 
51 90 62 
70 93 10 
5 64 63 
24 32 22 
13 15 73 
70 68 46 
27 25 54 
46 38 28 
19 39 49 
39 72 57 
50 87 67 
47 6 22 
80 40 73 
52 50 53 
64 96 28 
47 56 96 
33 9 90 
73 2 45 
38 30 60 
52 29 34 
62 27 38 
76 44 43 
66 23 56 
55 86 58 
79 21 1 
81 56 9 
75 69 96 
61 69 65 
33 46 50 
49 25 55 
70 71 49 
68 13 20 
7 96 81 
16 19 55 
44 13 57 
78 52 17 
35 11 24 
94 64 77 
64 97 18 
28 55 62 
80 77 88 
27 59 60 
38 87 75 
73 45 50 
80 1 46 
2 77 57 
41 51 15 
96 36 70 
38 13 58 
74 69 7 
9 1 23 
88 53 54 
35 76 15 
71 28 22 
32 48 91 
23 34 4 
33 42 47 
36 91 4 
79 50 77 
9 24 72 
51 90 68 
53 42 13 
20 75 90 
22 10 53 
10 75 44 
43 53 82 
46 88 44 
62 3 35 
68 43 57 
13 5 58 
87 42 31 
59 56 66 
20 93 64 
22 22 39 
64 75 58 
45 63 39 
9 7 27 
77 26 31 
94 85 65 
85 9 96 
74 26 56 
9 61 21 
36 14 37 
78 14 69 
2 68 53 
1 3 94 
93 47 79 
20 93 56 
24 79 26 
94 10 2 
48 91 29 
2 98 72 
1 21 41 
54 33 74 
18 29 14 
76 57 87 
5 67 60 
19 0 83 
23 65 73 
80 56 13 
43 30 87 
13 45 22 
28 40 24 
97 39 41 
44 99 44 
57 90 34 
87 76 21 
92 6 52 
15 51 43 
67 5 32 
27 98 17 
5 76 39 
90 39 17 
57 13 22 
70 48 67 
23 47 79 
71 80 1 
40 98 78 
97 10 80 
79 7 50 
85 41 41 
18 95 64 
35 32 97 
19 22 78 
65 36 42 
46 94 61 
69 99 9 
13 49 4 
48 15 47 
37 64 25 
8 96 32 
1 12 9 
17 73 22 
49 21 44 
55 31 18 
11 99 57 
75 12 68 
58 66 65 
24 20 12 
13 61 79 
77 8 42 
2 98 83 
13 18 72 
97 95 69 
50 12 76 
54 26 84 
56 61 96 
58 61 7 
52 72 53 
63 89 59 
62 27 14 
48 77 99 
59 11 32 
98 55 69 
83 61 33 
73 69 52 
17 89 62 
31 96 62 
79 36 54 
62 70 98 
7 92 92 
43 72 29 
80 69 92 
57 49 45 
10 87 54 
21 45 54 
37 80 33 
96 41 63 
80 72 44 
10 37 67 
5 80 91 
34 81 31 
69 71 93 
20 96 73 
91 58 58 
13 76 32 
58 34 37 
59 92 3 
49 44 15 
48 63 99 
76 15 0 
90 60 88 
78 37 60 
54 22 85 
36 63 43 
13 30 77 
53 3 5 
75 9 56 
94 44 13 
83 93 2 
27 19 27 
70 57 99 
26 38 19 
10 18 62 
80 52 35 
79 10 27 
70 5 96 
33 77 88 
17 41 13 
18 63 15 
2 58 85 
54 22 56 
88 0 30 
19 24 44 
21 43 83 
0 45 89 
10 24 99 
60 14 47 
66 61 41 
26 35 21 
33 33 27 
61 33 63 
38 1 75 
81 42 81 
4 39 31 
78 46 33 
14 41 55 
99 52 98 
91 56 20 
6 52 0 
27 48 24 
17 11 65 
26 82 98 
98 33 81 
61 91 53 
35 52 77 
95 81 51 
36 7 25 
5 42 11 
33 52 11 
35 23 66 
65 12 42 
63 79 2 
20 2 69 
81 69 76 
62 17 79 
30 86 52 
25 27 52 
48 13 15 
54 94 5 
1 48 35 
62 71 95 
4 36 13 
24 19 57 
95 4 8 
0 45 24 
1 59 63 
47 10 44 
38 55 47 
16 48 53 
0 93 36 
5 9 26 
10 34 82 
57 27 38 
58 84 0 
25 74 91 
79 22 89 
4 55 38 
69 36 13 
87 60 93 
87 95 20 
73 51 55 
40 30 59 
6 24 78 
61 75 15 
98 53 54 
7 77 58 
20 24 18 
88 65 28 
57 71 14 
59 13 17 
1 51 44 
73 48 63 
99 43 35 
19 6 33 
69 42 2 
99 41 74 
23 87 27 
0 76 24 
38 25 56 
96 42 76 
48 44 89 
97 31 51 
85 97 29 
61 46 55 
63 25 74 
10 41 61 
76 8 48 
97 1 95 
63 71 60 
98 37 33 
65 54 81 
79 76 58 
81 35 51 
15 23 26 
25 88 1 
44 20 77 
34 11 74 
50 61 16 
20 78 2 
11 38 92 
95 53 58 
99 1 14 
82 41 35 
64 12 45 
93 92 29 
49 61 59 
93 21 6 
94 87 6 
98 1 38 
69 62 42 
42 87 51 
24 44 93 
71 54 56 
24 20 10 
18 99 61 
65 11 68 
74 69 88 
71 25 68 
95 20 82 
35 97 40 
78 35 75 
99 12 7 
97 81 60 
10 12 85 
25 38 96 
45 48 89 
89 11 62 
34 21 47 
98 40 46 
74 30 98 
51 50 99 
47 5 80 
47 92 36 
54 79 10 
0 73 94 
6 61 34 
93 54 17 
19 70 39 
88 48 37 
55 56 86 
45 63 70 
13 45 37 
68 17 48 
66 1 94 
81 91 62 
8 26 37 
43 71 65 
30 41 63 
68 34 33 
36 68 75 
37 9 28 
65 77 27 
43 81 96 
39 62 6 
76 99 90 
68 48 77 
81 12 17 
52 83 1 
15 89 84 
98 16 49 
17 35 65 
68 63 0 
4 45 62 
67 54 74 
61 54 97 
22 73 1 
33 42 9 
41 79 53 
33 21 18 
75 70 0 
81 20 88 
19 52 88 
29 61 3 
38 77 60 
40 18 10 
45 17 71 
3 63 28 
61 15 31 
1 6 79 
64 97 39 
64 74 20 
97 90 88 
42 0 94 
66 74 32 
73 67 51 
42 61 11 
98 38 27 
69 75 67 
98 15 43 
30 90 77 
66 35 1 
83 42 16 
42 49 76 
2 51 30 
33 5 5 
44 15 16 
93 77 57 
67 33 47 
81 28 12 
88 45 62 
78 21 36 
15 71 47 
33 32 69 
83 60 68 
84 94 44 
23 70 56 
29 82 39 
30 58 25 
83 37 22 
15 33 6 
95 63 58 
99 51 45 
19 87 34 
22 3 52 
68 32 64 
64 87 36 
76 82 51 
49 26 19 
50 97 79 
56 2 70 
66 21 33 
6 59 95 
55 15 84 
78 34 46 
83 30 6 
7 92 71 
58 12 98 
74 75 33 
3 86 59 
87 65 67 
25 35 3 
78 43 26 
44 69 56 
27 94 64 
67 20 90 
37 44 68 
87 7 69 
81 24 1 
92 18 78 
69 99 23 
58 11 63 
59 95 52 
98 6 86 
94 62 83 
35 14 87 
12 43 99 
84 1 62 
29 81 49 
47 74 57 
55 46 67 
61 13 82 
39 52 58 
83 11 12 
81 1 89 
13 20 81 
55 61 78 
39 26 32 
56 21 52 
68 82 35 
49 96 37 
64 77 20 
56 68 79 
93 52 30 
20 22 76 
8 15 82 
13 0 47 
40 21 45 
1 19 22 
23 88 56 
62 95 27 
64 56 43 
18 70 69 
89 75 20 
97 93 70 
9 35 3 
42 71 76 
49 43 90 
74 70 25 
13 55 52 
10 19 26 
44 55 45 
76 20 42 
18 56 92 
48 98 20 
51 81 40 
22 87 60 
85 55 44 
58 58 81 
66 5 46 
19 18 17 
47 97 2 
89 95 29 
18 94 84 
9 62 25 
96 50 41 
2 26 17 
4 97 93 
67 88 68 
76 10 20 
93 82 10 
50 5 11 
53 68 65 
98 51 26 
13 8 72 
62 50 40 
55 91 8 
33 91 37 
27 97 0 
45 41 88 
81 1 89 
53 63 7 
99 98 20 
10 64 38 
13 15 3 
10 73 25 
80 64 67 
52 3 4 
33 11 36 
63 46 69 
46 58 33 
76 2 87 
47 67 82 
46 83 41 
77 99 92 
50 24 26 
95 95 42 
26 94 64 
56 34 19 
90 56 58 
65 33 10 
62 27 62 
19 80 70 
34 2 6 
10 45 73 
29 0 23 
69 76 75 
19 84 24 
43 29 90 
33 77 45 
93 45 52 
44 86 92 
43 74 9 
92 76 5 
68 78 89 
81 34 76 
85 45 57 
92 37 21 
59 17 27 
68 29 28 
23 56 37 
58 8 56 
24 92 13 
77 78 15 
45 27 46 
14 96 50 
54 20 67 
53 69 58 
89 66 65 
29 94 64 
57 91 92 
44 19 56 
37 85 71 
51 57 35 
53 42 92 
82 2 46 
26 92 37 
74 97 42 
11 7 26 
58 17 20 
96 87 19 
46 5 69 
48 71 79 
72 64 43 
78 59 31 
95 39 31 
64 54 60 
86 30 48 
36 29 57 
17 66 77 
68 45 53 
97 54 34 
71 98 47 
27 42 81 
5 57 38 
61 26 0 
72 1 83 
2 98 88 
61 88 44 
57 71 21 
75 73 88 
94 88 47 
63 73 15 
8 48 20 
37 31 57 
98 79 34 
93 43 52 
37 43 2 
64 27 2 
0 85 27 
43 96 42 
73 88 23 
31 49 76 
68 88 46 
95 74 49 
3 44 84 
2 6 0 
14 74 14 
84 83 62 
39 38 62 
59 27 99 
4 43 79 
25 50 44 
2 83 39 
21 69 77 
13 30 28 
83 85 90 
48 59 63 
4 26 15 
55 55 67 
27 44 69 
72 87 55 
5 63 33 
96 60 62 
72 55 37 
9 29 93 
0 3 89 
20 49 73 
31 12 44 
25 67 11 
88 96 80 
56 25 98 
81 76 10 
43 94 45 
18 79 21 
30 41 69 
64 38 19 
75 2 20 
69 65 16 
44 31 88 
0 92 97 
49 78 1 
33 70 91 
38 24 72 
0 49 56 
59 72 34 
61 93 68 
69 14 21 
26 71 27 
83 28 43 
9 51 39 
56 34 27 
51 83 42 
40 16 35 
36 81 86 
57 84 62 
97 45 9 
34 79 72 
51 69 94 
68 55 27 
25 57 86 
69 67 9 
71 33 6 
6 67 84 
85 38 86 
39 32 83 
84 77 90 
29 53 20 
77 33 96 
10 29 59 
69 38 46 
2 78 27 
28 6 35 
16 96 70 
94 68 53 
35 34 25 
98 77 33 
47 49 33 
76 14 52 
70 54 88 
88 8 73 
64 4 90 
68 64 99 
82 72 28 
52 11 45 
19 40 98 
27 57 89 
49 22 9 
58 16 19 
61 74 1 
33 9 50 
59 90 92 
25 69 45 
41 11 95 
48 64 46 
61 13 51 
58 79 31 
91 20 13 
70 19 67 
60 42 41 
91 72 8 
30 95 72 
30 19 48 
15 65 81 
64 44 48 
93 34 20 
26 36 48 
46 0 96 
83 80 36 
60 22 88 
57 41 61 
69 61 38 
91 23 23 
48 22 40 
88 61 14 
81 43 90 
13 84 84 
4 13 83 
39 12 18 
25 18 73 
58 76 60 
57 54 3 
42 7 43 
40 49 56 
9 52 78 
49 14 38 
95 72 26 
18 87 8 
18 91 8 
18 42 26 
10 53 12 
16 38 94 
85 22 36 
69 42 28 
14 27 12 
96 34 72 
79 31 78 
62 61 84 
