30 80 51 
96 38 71 
68 78 40 
9 86 11 
14 65 34 
60 14 90 
99 20 13 
24 98 21 
80 36 67 
45 1 29 
89 52 53 
56 18 64 
45 85 81 
32 65 41 
63 73 53 
22 75 1 
86 90 43 
78 91 93 
72 67 20 
97 10 54 
30 90 96 
38 85 49 
96 85 90 
77 10 96 
94 73 89 
58 35 61 
63 79 63 
11 98 58 
10 11 83 
85 55 46 
82 78 35 
64 66 73 
2 52 74 
93 98 88 
20 68 85 
53 37 8 
65 64 5 
50 9 94 
80 32 11 
97 86 73 
76 95 67 
87 48 18 
82 62 87 
81 99 67 
83 70 50 
83 30 88 
42 45 66 
51 29 66 
56 62 2 
56 82 32 
77 64 48 
79 50 24 
85 64 8 
71 57 71 
47 71 77 
78 56 37 
31 47 64 
43 48 87 
36 79 39 
68 71 37 
67 15 32 
91 3 26 
69 88 13 
52 85 70 
32 54 54 
85 70 44 
34 94 18 
49 27 21 
73 76 72 
41 0 51 
19 93 29 
44 40 80 
77 57 35 
57 57 72 
32 57 72 
16 21 5 
32 42 97 
50 65 11 
52 14 90 
29 32 0 
77 44 46 
64 85 63 
63 29 74 
44 41 58 
25 56 13 
2 68 98 
7 7 61 
13 96 1 
42 0 83 
76 3 62 
81 72 51 
71 41 32 
72 21 48 
65 37 54 
17 67 13 
41 37 67 
18 39 69 
83 31 48 
32 40 61 
13 62 42 
64 5 37 
73 38 75 
91 30 11 
74 48 47 
11 76 18 
12 37 74 
90 50 56 
61 21 77 
11 5 15 
25 4 34 
59 60 16 
87 91 47 
21 29 77 
78 81 53 
65 69 44 
25 61 65 
28 77 7 
14 83 80 
10 45 20 
84 35 49 
18 6 37 
98 57 51 
15 43 22 
92 5 4 
41 63 74 
54 88 6 
25 50 79 
7 29 87 
75 69 73 
96 96 62 
60 37 90 
30 89 68 
97 11 26 
3 99 85 
81 93 42 
15 0 94 
63 78 82 
39 63 2 
10 97 71 
60 80 16 
65 55 64 
11 9 93 
69 34 73 
19 15 5 
13 47 37 
39 17 62 
42 9 60 
30 32 88 
5 34 85 
36 53 72 
26 43 72 
50 41 93 
35 12 59 
45 73 40 
54 23 28 
79 63 56 
58 32 48 
23 41 70 
8 33 24 
55 31 64 
3 50 67 
31 49 12 
91 69 63 
58 3 91 
36 42 96 
35 43 5 
85 2 37 
56 38 88 
68 65 65 
95 51 19 
3 5 38 
29 24 50 
48 44 60 
29 91 60 
71 17 92 
36 0 80 
64 72 83 
23 82 42 
85 24 42 
40 55 72 
73 57 1 
15 82 2 
76 82 4 
91 6 24 
89 38 98 
52 51 39 
6 29 97 
84 67 78 
8 7 0 
16 67 42 
59 49 31 
75 5 51 
59 20 63 
97 79 72 
64 70 94 
35 9 34 
50 42 67 
24 51 70 
11 74 85 
39 8 14 
14 44 20 
95 85 82 
72 31 96 
24 57 74 
47 80 15 
18 14 51 
30 89 73 
10 41 32 
74 50 14 
69 63 1 
11 35 28 
41 6 89 
47 65 69 
12 26 10 
55 81 73 
15 86 18 
29 79 75 
55 28 50 
75 25 14 
67 41 2 
19 62 91 
28 90 54 
50 94 53 
16 76 79 
50 69 17 
98 41 84 
77 17 51 
99 59 90 
6 7 82 
71 90 54 
79 93 76 
2 76 39 
46 95 43 
60 18 5 
86 14 38 
77 29 85 
86 68 72 
63 63 86 
19 29 89 
37 64 38 
60 71 80 
82 52 3 
32 82 48 
63 41 46 
51 2 34 
71 30 40 
41 90 2 
54 96 0 
22 69 61 
92 7 99 
24 90 14 
97 56 53 
77 92 77 
4 54 51 
61 95 44 
23 0 97 
4 83 96 
5 95 39 
88 9 84 
36 12 46 
13 30 87 
95 81 72 
84 42 40 
35 7 12 
23 42 10 
5 41 57 
77 75 74 
25 66 74 
30 26 65 
64 9 30 
97 13 78 
69 47 17 
93 62 99 
33 45 5 
88 52 14 
9 96 47 
10 67 68 
51 89 8 
52 89 55 
60 18 10 
93 19 3 
24 96 69 
50 53 85 
48 98 27 
52 49 42 
67 60 47 
19 81 66 
91 21 72 
37 64 13 
90 74 88 
55 55 3 
64 10 27 
77 53 48 
97 63 80 
40 2 73 
56 92 29 
29 81 40 
47 82 2 
64 82 38 
82 42 2 
74 8 24 
40 9 49 
94 54 86 
50 39 47 
65 90 77 
27 39 53 
15 14 24 
86 82 34 
83 54 2 
61 88 42 
53 27 64 
45 90 3 
49 45 60 
54 75 0 
37 25 4 
38 25 79 
71 45 94 
94 55 99 
30 12 78 
7 50 49 
14 83 60 
23 8 9 
24 18 0 
17 71 85 
80 82 62 
61 28 39 
29 20 73 
71 89 5 
64 80 30 
70 2 25 
37 90 50 
66 71 92 
18 48 10 
55 73 89 
56 28 61 
80 80 77 
85 1 24 
64 37 52 
76 87 32 
80 56 8 
2 46 34 
24 30 74 
20 52 98 
45 13 84 
18 3 1 
43 25 56 
37 99 98 
53 78 1 
75 44 40 
8 43 72 
44 79 49 
53 93 91 
59 20 37 
5 36 33 
71 40 85 
66 24 7 
6 43 57 
82 56 19 
51 9 14 
46 76 68 
17 87 24 
17 68 0 
74 63 12 
3 50 1 
3 44 7 
59 31 0 
69 42 18 
16 38 81 
51 10 0 
47 43 63 
28 72 10 
82 54 72 
35 48 86 
81 35 12 
41 7 96 
89 82 72 
80 94 42 
26 98 25 
94 18 15 
27 41 19 
98 74 81 
14 49 68 
22 74 78 
32 12 43 
74 63 60 
3 95 16 
6 13 60 
19 77 78 
37 22 84 
44 80 65 
84 48 35 
68 66 63 
63 50 42 
5 17 28 
16 23 50 
95 50 53 
0 50 98 
81 35 76 
70 5 77 
8 41 11 
82 41 7 
40 66 36 
60 84 84 
56 56 28 
51 22 7 
19 47 68 
48 37 99 
23 91 4 
72 52 75 
61 80 51 
48 39 92 
62 41 50 
19 83 13 
3 48 69 
4 86 5 
36 36 33 
25 72 53 
83 63 6 
60 46 76 
96 82 49 
63 30 93 
8 19 61 
83 46 45 
49 95 18 
94 97 16 
9 19 2 
35 63 76 
49 25 35 
53 44 93 
36 19 11 
34 21 94 
61 48 3 
11 26 91 
12 81 49 
81 24 32 
42 54 8 
25 25 45 
43 63 67 
52 53 17 
24 22 32 
13 26 40 
44 97 6 
62 2 80 
4 20 53 
15 75 60 
45 4 57 
5 39 3 
84 21 36 
87 83 51 
45 51 39 
60 27 38 
25 3 36 
43 94 26 
54 45 32 
79 47 91 
25 31 40 
95 93 90 
10 20 1 
27 70 52 
48 1 35 
11 93 94 
49 41 83 
87 97 98 
4 12 71 
96 37 14 
95 36 68 
6 71 53 
52 15 13 
33 33 7 
41 30 67 
74 64 32 
89 92 87 
12 0 84 
37 40 14 
69 98 55 
72 28 78 
68 83 74 
57 34 62 
59 52 83 
50 82 76 
97 4 71 
18 44 79 
31 63 37 
70 83 57 
6 44 56 
77 51 44 
17 58 21 
24 1 90 
29 76 51 
15 63 96 
51 37 64 
14 55 39 
21 21 70 
35 77 35 
63 1 16 
91 13 18 
48 54 78 
17 16 15 
2 22 32 
6 57 75 
56 83 95 
48 16 6 
82 77 64 
40 41 53 
27 71 37 
97 9 59 
57 63 46 
58 62 45 
29 93 66 
77 73 15 
68 14 61 
1 65 31 
37 19 5 
2 56 79 
25 75 53 
71 7 58 
15 23 15 
18 48 3 
21 56 55 
30 95 72 
53 64 0 
1 65 17 
97 79 83 
42 71 64 
3 11 13 
16 89 90 
75 6 80 
68 27 58 
95 61 32 
40 8 41 
36 25 39 
32 70 57 
41 33 71 
12 78 62 
20 33 63 
59 73 64 
40 69 1 
51 37 85 
78 19 64 
62 66 7 
54 14 13 
21 9 60 
53 76 85 
94 8 87 
17 16 25 
88 45 45 
54 98 82 
12 75 51 
6 71 63 
5 0 23 
23 12 82 
83 63 77 
37 75 49 
44 9 19 
79 22 66 
72 13 97 
49 5 78 
4 59 74 
47 12 27 
1 90 87 
54 23 67 
95 0 14 
33 39 68 
98 27 56 
45 0 28 
70 23 17 
12 4 23 
12 20 29 
51 40 97 
88 59 20 
11 99 45 
60 55 12 
0 19 83 
56 86 9 
10 91 12 
7 80 16 
29 96 10 
40 71 14 
57 53 77 
13 95 85 
16 84 23 
45 60 26 
2 99 61 
83 50 9 
43 39 54 
47 51 9 
6 10 88 
80 56 51 
16 98 51 
88 22 58 
15 54 96 
84 1 87 
60 70 25 
8 53 97 
17 9 95 
80 8 99 
86 93 18 
70 79 30 
25 97 35 
29 73 15 
46 62 16 
99 84 57 
66 26 73 
64 63 43 
94 63 8 
99 65 18 
14 75 97 
77 77 75 
16 61 58 
52 25 75 
71 8 41 
2 91 36 
51 78 80 
94 31 39 
84 20 89 
18 32 57 
19 90 15 
51 16 25 
86 73 81 
18 54 77 
67 46 74 
44 3 50 
59 33 27 
32 22 51 
2 79 20 
71 97 12 
68 58 83 
95 40 83 
26 74 25 
75 95 64 
73 12 64 
61 21 31 
31 93 68 
70 18 6 
9 98 57 
98 96 49 
0 65 80 
78 29 19 
19 11 0 
0 22 63 
46 24 39 
82 7 10 
61 78 30 
52 26 15 
26 33 11 
25 37 29 
67 12 60 
4 40 89 
27 74 43 
27 31 90 
82 80 61 
78 69 89 
35 26 56 
91 73 66 
38 12 33 
85 3 94 
54 99 13 
45 99 34 
33 31 52 
29 29 99 
92 33 88 
2 2 29 
10 22 77 
16 80 40 
33 64 3 
57 43 5 
41 63 56 
58 11 9 
19 63 86 
76 79 80 
55 15 86 
96 1 37 
3 6 2 
86 17 24 
85 31 25 
37 46 30 
50 81 90 
26 91 42 
0 46 13 
10 76 92 
57 6 31 
12 60 52 
60 93 97 
60 14 32 
87 8 97 
34 96 30 
57 24 60 
7 96 37 
14 20 44 
86 92 63 
18 83 2 
83 25 40 
85 49 81 
11 24 36 
9 95 10 
26 94 84 
65 79 50 
13 75 48 
18 22 83 
12 72 36 
54 24 44 
85 2 45 
99 32 18 
74 28 61 
92 97 11 
25 60 82 
27 49 53 
43 73 59 
9 47 85 
68 88 61 
7 56 49 
62 94 99 
12 78 79 
41 71 87 
6 16 12 
4 41 53 
63 17 61 
28 52 74 
28 32 31 
85 47 95 
62 40 97 
49 50 59 
89 55 26 
94 21 30 
4 26 2 
81 65 37 
13 31 68 
83 3 55 
58 14 85 
58 64 53 
27 23 36 
72 23 9 
45 67 92 
86 6 66 
3 78 69 
64 76 54 
3 35 38 
18 74 35 
73 61 98 
60 40 40 
54 13 94 
4 80 10 
55 39 46 
82 47 25 
53 53 3 
51 1 56 
73 73 14 
59 17 96 
3 37 3 
42 10 3 
47 65 95 
1 27 54 
32 94 0 
59 48 3 
75 67 67 
41 24 60 
89 55 76 
4 54 96 
84 60 62 
99 38 94 
96 88 60 
39 68 31 
18 93 69 
23 83 73 
36 74 7 
39 87 35 
35 96 9 
28 17 81 
19 91 66 
54 74 26 
29 14 65 
54 58 13 
45 84 71 
33 35 53 
30 65 79 
76 19 39 
91 5 59 
41 57 81 
5 67 68 
11 52 39 
88 45 45 
60 57 95 
50 87 78 
23 35 90 
46 29 60 
35 98 1 
68 90 53 
7 20 50 
81 90 27 
25 38 13 
56 53 36 
78 29 25 
56 95 71 
77 78 45 
33 45 86 
23 53 36 
72 12 85 
19 58 52 
3 99 16 
44 15 89 
65 48 60 
57 69 61 
69 1 41 
32 53 83 
39 25 5 
76 78 94 
86 30 96 
46 50 52 
90 81 50 
44 83 71 
78 50 21 
89 68 55 
29 35 65 
81 33 3 
20 53 75 
9 0 60 
11 63 62 
98 17 50 
51 44 69 
22 4 58 
91 38 38 
4 82 32 
46 4 6 
16 98 51 
56 34 61 
51 55 53 
45 42 81 
37 46 73 
4 9 89 
51 86 58 
30 95 33 
86 62 43 
95 64 92 
42 45 27 
23 37 2 
5 23 21 
99 86 44 
96 84 49 
96 97 13 
15 43 29 
70 1 26 
92 24 98 
59 59 42 
30 98 55 
78 65 40 
90 67 56 
19 28 14 
12 14 0 
88 23 2 
0 20 71 
38 30 49 
17 47 1 
99 31 87 
44 73 33 
78 77 25 
33 98 97 
15 14 83 
78 30 70 
18 25 64 
6 47 93 
17 81 8 
43 59 31 
81 59 77 
49 45 54 
12 66 50 
62 53 76 
51 12 81 
31 17 32 
57 49 28 
10 18 3 
8 31 19 
30 0 50 
68 58 9 
48 31 55 
13 46 17 
45 54 77 
24 13 6 
50 70 52 
17 99 64 
4 61 97 
92 9 24 
92 96 6 
71 68 52 
35 38 34 
57 93 80 
38 51 77 
24 2 80 
37 40 31 
58 13 69 
69 71 0 
48 53 67 
9 27 67 
66 4 59 
50 50 93 
4 99 99 
53 81 19 
41 26 62 
36 18 48 
79 34 89 
1 59 48 
18 12 61 
82 26 82 
82 92 38 
97 11 74 
43 86 40 
9 25 56 
96 42 92 
81 91 93 
90 85 26 
9 10 69 
99 59 28 
85 20 88 
55 93 44 
59 3 92 
19 90 15 
90 37 75 
18 5 18 
89 72 90 
0 4 31 
97 66 71 
7 20 95 
5 51 39 
22 35 8 
1 97 68 
11 10 88 
76 18 6 
51 24 87 
73 46 14 
25 88 4 
45 99 71 
54 97 98 
87 17 72 
17 69 42 
59 47 55 
89 75 60 
11 33 46 
40 62 98 
70 24 43 
64 64 90 
68 47 44 
36 72 30 
65 8 53 
60 31 79 
44 33 24 
29 59 61 
80 3 90 
14 42 72 
5 87 72 
73 69 97 
86 53 81 
33 46 71 
67 10 20 
97 67 17 
30 8 71 
26 95 25 
44 80 35 
12 24 35 
10 43 8 
26 38 34 
79 80 98 
92 36 63 
73 56 69 
55 38 28 
61 39 37 
98 3 65 
34 66 31 
47 4 83 
24 81 57 
53 2 13 
60 90 46 
97 43 96 
33 64 34 
91 93 4 
28 35 62 
74 68 59 
27 2 6 
91 95 16 
39 92 47 
80 59 2 
8 10 10 
14 46 41 
33 89 27 
60 85 99 
32 5 28 
20 87 98 
55 89 8 
38 4 10 
73 45 69 
70 20 70 
88 94 6 
40 12 99 
30 14 80 
94 98 36 
99 89 18 
23 47 56 
43 16 42 
6 86 16 
54 97 24 
14 40 6 
48 69 84 
