30 80 51 
96 38 71 
68 78 40 
9 86 11 
14 65 34 
60 14 90 
99 20 13 
24 98 21 
80 36 67 
45 1 29 
89 52 53 
56 18 64 
45 85 81 
32 65 41 
63 73 53 
22 75 1 
86 90 43 
78 91 93 
72 67 20 
97 10 54 
30 90 96 
38 85 49 
96 85 90 
77 10 96 
94 73 89 
58 35 61 
63 79 63 
11 98 58 
10 11 83 
85 55 46 
82 78 35 
64 66 73 
2 52 74 
93 98 88 
20 68 85 
53 37 8 
65 64 5 
50 9 94 
80 32 11 
97 86 73 
76 95 67 
87 48 18 
82 62 87 
81 99 67 
83 70 50 
83 30 88 
42 45 66 
51 29 66 
56 62 2 
56 82 32 
77 64 48 
79 50 24 
85 64 8 
71 57 71 
47 71 77 
78 56 37 
31 47 64 
43 48 87 
36 79 39 
68 71 37 
67 15 32 
91 3 26 
69 88 13 
52 85 70 
32 54 54 
85 70 44 
34 94 18 
49 27 21 
73 76 72 
41 0 51 
19 93 29 
44 40 80 
77 57 35 
57 57 72 
32 57 72 
16 21 5 
32 42 97 
50 65 11 
52 14 90 
29 32 0 
77 44 46 
64 85 63 
63 29 74 
44 41 58 
25 56 13 
2 68 98 
7 7 61 
13 96 1 
42 0 83 
76 3 62 
81 72 51 
71 41 32 
72 21 48 
65 37 54 
17 67 13 
41 37 67 
18 39 69 
83 31 48 
32 40 61 
13 62 42 
64 5 37 
73 38 75 
91 30 11 
74 48 47 
11 76 18 
12 37 74 
90 50 56 
61 21 77 
11 5 15 
25 4 34 
59 60 16 
87 91 47 
21 29 77 
78 81 53 
65 69 44 
25 61 65 
28 77 7 
14 83 80 
10 45 20 
84 35 49 
18 6 37 
98 57 51 
15 43 22 
92 5 4 
41 63 74 
54 88 6 
25 50 79 
7 29 87 
75 69 73 
96 96 62 
60 37 90 
30 89 68 
97 11 26 
3 99 85 
81 93 42 
15 0 94 
63 78 82 
39 63 2 
10 97 71 
60 80 16 
65 55 64 
11 9 93 
69 34 73 
19 15 5 
13 47 37 
39 17 62 
42 9 60 
30 32 88 
5 34 85 
36 53 72 
26 43 72 
50 41 93 
35 12 59 
45 73 40 
54 23 28 
79 63 56 
58 32 48 
23 41 70 
8 33 24 
55 31 64 
3 50 67 
31 49 12 
91 69 63 
58 3 91 
36 42 96 
35 43 5 
85 2 37 
56 38 88 
68 65 65 
95 51 19 
3 5 38 
29 24 50 
48 44 60 
29 91 60 
71 17 92 
36 0 80 
64 72 83 
23 82 42 
85 24 42 
40 55 72 
73 57 1 
15 82 2 
76 82 4 
91 6 24 
89 38 98 
52 51 39 
6 29 97 
84 67 78 
8 7 0 
16 67 42 
59 49 31 
75 5 51 
59 20 63 
97 79 72 
64 70 94 
35 9 34 
50 42 67 
24 51 70 
11 74 85 
39 8 14 
14 44 20 
95 85 82 
72 31 96 
24 57 74 
47 80 15 
18 14 51 
30 89 73 
10 41 32 
74 50 14 
69 63 1 
11 35 28 
41 6 89 
47 65 69 
12 26 10 
55 81 73 
15 86 18 
29 79 75 
55 28 50 
75 25 14 
67 41 2 
19 62 91 
28 90 54 
50 94 53 
16 76 79 
50 69 17 
98 41 84 
77 17 51 
99 59 90 
6 7 82 
71 90 54 
79 93 76 
2 76 39 
46 95 43 
60 18 5 
86 14 38 
77 29 85 
86 68 72 
63 63 86 
19 29 89 
37 64 38 
60 71 80 
82 52 3 
32 82 48 
63 41 46 
51 2 34 
71 30 40 
41 90 2 
54 96 0 
22 69 61 
92 7 99 
24 90 14 
97 56 53 
77 92 77 
4 54 51 
61 95 44 
23 0 97 
4 83 96 
5 95 39 
88 9 84 
36 12 46 
13 30 87 
95 81 72 
84 42 40 
35 7 12 
23 42 10 
5 41 57 
77 75 74 
25 66 74 
30 26 65 
64 9 30 
97 13 78 
69 47 17 
93 62 99 
33 45 5 
88 52 14 
9 96 47 
10 67 68 
51 89 8 
52 89 55 
60 18 10 
93 19 3 
24 96 69 
50 53 85 
48 98 27 
52 49 42 
67 60 47 
19 81 66 
91 21 72 
37 64 13 
90 74 88 
55 55 3 
64 10 27 
77 53 48 
97 63 80 
40 2 73 
56 92 29 
29 81 40 
47 82 2 
64 82 38 
82 42 2 
74 8 24 
40 9 49 
94 54 86 
50 39 47 
65 90 77 
27 39 53 
15 14 24 
86 82 34 
83 54 2 
61 88 42 
53 27 64 
45 90 3 
49 45 60 
54 75 0 
37 25 4 
38 25 79 
71 45 94 
94 55 99 
30 12 78 
7 50 49 
14 83 60 
23 8 9 
24 18 0 
17 71 85 
80 82 62 
61 28 39 
29 20 73 
71 89 5 
64 80 30 
70 2 25 
37 90 50 
66 71 92 
18 48 10 
55 73 89 
56 28 61 
80 80 77 
85 1 24 
64 37 52 
76 87 32 
80 56 8 
2 46 34 
24 30 74 
20 52 98 
45 13 84 
18 3 1 
43 25 56 
37 99 98 
53 78 1 
75 44 40 
8 43 72 
44 79 49 
53 93 91 
59 20 37 
5 36 33 
71 40 85 
66 24 7 
6 43 57 
82 56 19 
51 9 14 
46 76 68 
17 87 24 
17 68 0 
74 63 12 
3 50 1 
3 44 7 
59 31 0 
69 42 18 
16 38 81 
51 10 0 
47 43 63 
28 72 10 
82 54 72 
35 48 86 
81 35 12 
41 7 96 
89 82 72 
80 94 42 
26 98 25 
94 18 15 
27 41 19 
98 74 81 
14 49 68 
22 74 78 
32 12 43 
74 63 60 
3 95 16 
6 13 60 
19 77 78 
37 22 84 
44 80 65 
84 48 35 
68 66 63 
63 50 42 
5 17 28 
16 23 50 
95 50 53 
0 50 98 
81 35 76 
70 5 77 
8 41 11 
82 41 7 
40 66 36 
60 84 84 
56 56 28 
51 22 7 
19 47 68 
48 37 99 
23 91 4 
72 52 75 
61 80 51 
48 39 92 
62 41 50 
19 83 13 
3 48 69 
4 86 5 
36 36 33 
25 72 53 
83 63 6 
60 46 76 
96 82 49 
63 30 93 
8 19 61 
83 46 45 
49 95 18 
94 97 16 
9 19 2 
35 63 76 
49 25 35 
53 44 93 
36 19 11 
34 21 94 
61 48 3 
11 26 91 
12 81 49 
81 24 32 
42 54 8 
25 25 45 
43 63 67 
52 53 17 
24 22 32 
13 26 40 
44 97 6 
62 2 80 
4 20 53 
15 75 60 
45 4 57 
5 39 3 
84 21 36 
87 83 51 
45 51 39 
60 27 38 
25 3 36 
43 94 26 
54 45 32 
79 47 91 
25 31 40 
95 93 90 
10 20 1 
27 70 52 
48 1 35 
11 93 94 
49 41 83 
87 97 98 
4 12 71 
96 37 14 
95 36 68 
6 71 53 
52 15 13 
33 33 7 
41 30 67 
74 64 32 
89 92 87 
12 0 84 
37 40 14 
69 98 55 
72 28 78 
68 83 74 
57 34 62 
59 52 83 
50 82 76 
97 4 71 
18 44 79 
31 63 37 
70 83 57 
6 44 56 
77 51 44 
17 58 21 
24 1 90 
29 76 51 
15 63 96 
51 37 64 
14 55 39 
21 21 70 
35 77 35 
63 1 16 
91 13 18 
48 54 78 
17 16 15 
2 22 32 
6 57 75 
56 83 95 
48 16 6 
82 77 64 
40 41 53 
27 71 37 
97 9 59 
57 63 46 
58 62 45 
29 93 66 
77 73 15 
68 14 61 
1 65 31 
37 19 5 
2 56 79 
25 75 53 
71 7 58 
15 23 15 
18 48 3 
21 56 55 
30 95 72 
53 64 0 
1 65 17 
97 79 83 
42 71 64 
3 11 13 
16 89 90 
75 6 80 
68 27 58 
95 61 32 
40 8 41 
36 25 39 
32 70 57 
41 33 71 
12 78 62 
20 33 63 
59 73 64 
40 69 1 
51 37 85 
78 19 64 
62 66 7 
54 14 13 
21 9 60 
53 76 85 
94 8 87 
17 16 25 
88 45 45 
54 98 82 
12 75 51 
6 71 63 
5 0 23 
23 12 82 
83 63 77 
37 75 49 
44 9 19 
79 22 66 
72 13 97 
49 5 78 
4 59 74 
47 12 27 
1 90 87 
54 23 67 
95 0 14 
33 39 68 
98 27 56 
45 0 28 
70 23 17 
12 4 23 
12 20 29 
51 40 97 
88 59 20 
11 99 45 
60 55 12 
0 19 83 
56 86 9 
10 91 12 
7 80 16 
29 96 10 
40 71 14 
57 53 77 
13 95 85 
16 84 23 
45 60 26 
2 99 61 
83 50 9 
43 39 54 
47 51 9 
6 10 88 
80 56 51 
16 98 51 
88 22 58 
15 54 96 
84 1 87 
60 70 25 
8 53 97 
17 9 95 
80 8 99 
86 93 18 
70 79 30 
25 97 35 
29 73 15 
46 62 16 
99 84 57 
66 26 73 
64 63 43 
94 63 8 
99 65 18 
14 75 97 
77 77 75 
16 61 58 
52 25 75 
71 8 41 
2 91 36 
51 78 80 
94 31 39 
84 20 89 
18 32 57 
19 90 15 
51 16 25 
86 73 81 
18 54 77 
67 46 74 
44 3 50 
59 33 27 
32 22 51 
2 79 20 
71 97 12 
68 58 83 
95 40 83 
26 74 25 
75 95 64 
73 12 64 
61 21 31 
31 93 68 
70 18 6 
9 98 57 
98 96 49 
0 65 80 
78 29 19 
19 11 0 
0 22 63 
46 24 39 
82 7 10 
61 78 30 
52 26 15 
26 33 11 
25 37 29 
67 12 60 
4 40 89 
27 74 43 
27 31 90 
82 80 61 
78 69 89 
35 26 56 
91 73 66 
38 12 33 
85 3 94 
54 99 13 
45 99 34 
33 31 52 
29 29 99 
92 33 88 
2 2 29 
10 22 77 
16 80 40 
33 64 3 
57 43 5 
41 63 56 
58 11 9 
19 63 86 
76 79 80 
55 15 86 
96 1 37 
3 6 2 
86 17 24 
85 31 25 
37 46 30 
50 81 90 
26 91 42 
0 46 13 
10 76 92 
57 6 31 
12 60 52 
60 93 97 
60 14 32 
87 8 97 
34 96 30 
57 24 60 
7 96 37 
14 20 44 
86 92 63 
18 83 2 
83 25 40 
85 49 81 
11 24 36 
9 95 10 
26 94 84 
65 79 50 
13 75 48 
18 22 83 
12 72 36 
54 24 44 
85 2 45 
99 32 18 
74 28 61 
92 97 11 
25 60 82 
27 49 53 
43 73 59 
9 47 85 
68 88 61 
7 56 49 
62 94 99 
12 78 79 
41 71 87 
6 16 12 
4 41 53 
63 17 61 
28 52 74 
28 32 31 
85 47 95 
62 40 97 
49 50 59 
89 55 26 
94 21 30 
4 26 2 
81 65 37 
13 31 68 
83 3 55 
58 14 85 
58 64 53 
27 23 36 
72 23 9 
45 67 92 
86 6 66 
3 78 69 
64 76 54 
3 35 38 
18 74 35 
73 61 98 
60 40 40 
54 13 94 
4 80 10 
55 39 46 
82 47 25 
53 53 3 
51 1 56 
73 73 14 
59 17 96 
3 37 3 
42 10 3 
47 65 95 
1 27 54 
32 94 0 
59 48 3 
75 67 67 
41 24 60 
89 55 76 
4 54 96 
84 60 62 
99 38 94 
96 88 60 
39 68 31 
18 93 69 
23 83 73 
36 74 7 
39 87 35 
35 96 9 
28 17 81 
19 91 66 
54 74 26 
29 14 65 
54 58 13 
45 84 71 
33 35 53 
30 65 79 
76 19 39 
91 5 59 
41 57 81 
5 67 68 
11 52 39 
88 45 45 
60 57 95 
50 87 78 
23 35 90 
46 29 60 
35 98 1 
68 90 53 
7 20 50 
81 90 27 
25 38 13 
56 53 36 
78 29 25 
56 95 71 
77 78 45 
33 45 86 
23 53 36 
72 12 85 
19 58 52 
3 99 16 
44 15 89 
65 48 60 
57 69 61 
69 1 41 
32 53 83 
39 25 5 
76 78 94 
86 30 96 
46 50 52 
90 81 50 
44 83 71 
78 50 21 
89 68 55 
29 35 65 
81 33 3 
20 53 75 
9 0 60 
11 63 62 
98 17 50 
51 44 69 
22 4 58 
91 38 38 
4 82 32 
46 4 6 
16 98 51 
56 34 61 
51 55 53 
45 42 81 
37 46 73 
4 9 89 
51 86 58 
30 95 33 
86 62 43 
95 64 92 
42 45 27 
23 37 2 
5 23 21 
99 86 44 
96 84 49 
96 97 13 
15 43 29 
70 1 26 
92 24 98 
59 59 42 
30 98 55 
78 65 40 
90 67 56 
19 28 14 
12 14 0 
88 23 2 
0 20 71 
38 30 49 
17 47 1 
99 31 87 
44 73 33 
78 77 25 
33 98 97 
15 14 83 
78 30 70 
18 25 64 
6 47 93 
17 81 8 
43 59 31 
81 59 77 
49 45 54 
12 66 50 
62 53 76 
51 12 81 
31 17 32 
57 49 28 
10 18 3 
8 31 19 
30 0 50 
68 58 9 
48 31 55 
13 46 17 
45 54 77 
24 13 6 
50 70 52 
17 99 64 
4 61 97 
92 9 24 
92 96 6 
71 68 52 
35 38 34 
57 93 80 
38 51 77 
24 2 80 
37 40 31 
58 13 69 
69 71 0 
48 53 67 
9 27 67 
66 4 59 
50 50 93 
4 99 99 
53 81 19 
41 26 62 
36 18 48 
79 34 89 
1 59 48 
18 12 61 
82 26 82 
82 92 38 
97 11 74 
43 86 40 
9 25 56 
96 42 92 
81 91 93 
90 85 26 
9 10 69 
99 59 28 
85 20 88 
55 93 44 
59 3 92 
19 90 15 
90 37 75 
18 5 18 
89 72 90 
0 4 31 
97 66 71 
7 20 95 
5 51 39 
22 35 8 
1 97 68 
11 10 88 
76 18 6 
51 24 87 
73 46 14 
25 88 4 
45 99 71 
54 97 98 
87 17 72 
17 69 42 
59 47 55 
89 75 60 
11 33 46 
40 62 98 
70 24 43 
64 64 90 
68 47 44 
36 72 30 
65 8 53 
60 31 79 
44 33 24 
29 59 61 
80 3 90 
14 42 72 
5 87 72 
73 69 97 
86 53 81 
33 46 71 
67 10 20 
97 67 17 
30 8 71 
26 95 25 
44 80 35 
12 24 35 
10 43 8 
26 38 34 
79 80 98 
92 36 63 
73 56 69 
55 38 28 
61 39 37 
98 3 65 
34 66 31 
47 4 83 
24 81 57 
53 2 13 
60 90 46 
97 43 96 
33 64 34 
91 93 4 
28 35 62 
74 68 59 
27 2 6 
91 95 16 
39 92 47 
80 59 2 
8 10 10 
14 46 41 
33 89 27 
60 85 99 
32 5 28 
20 87 98 
55 89 8 
38 4 10 
73 45 69 
70 20 70 
88 94 6 
40 12 99 
30 14 80 
94 98 36 
99 89 18 
23 47 56 
43 16 42 
6 86 16 
54 97 24 
14 40 6 
48 69 84 
36 95 87 
2 18 23 
71 60 9 
83 35 62 
57 90 29 
90 51 59 
91 94 14 
4 24 50 
32 97 65 
50 36 70 
72 19 74 
71 0 37 
6 56 1 
81 0 46 
33 80 83 
29 75 28 
53 26 52 
21 71 50 
63 50 37 
32 4 41 
52 7 88 
61 86 83 
82 83 46 
6 46 51 
0 38 99 
3 35 22 
58 96 41 
21 85 84 
87 50 12 
44 63 92 
31 7 98 
15 99 82 
57 39 74 
93 41 17 
89 10 17 
0 96 1 
69 30 17 
64 37 47 
8 60 28 
37 59 55 
33 33 72 
59 73 93 
71 50 74 
70 34 0 
48 44 58 
31 91 68 
48 89 92 
88 40 67 
59 65 33 
71 40 54 
72 39 40 
68 17 84 
94 78 12 
66 27 33 
24 54 11 
15 62 16 
33 65 8 
67 65 73 
56 37 0 
27 30 95 
96 82 64 
47 16 65 
49 60 65 
85 40 60 
74 72 64 
53 26 0 
84 38 93 
3 59 14 
68 1 7 
41 56 72 
33 18 51 
44 59 1 
57 83 81 
42 10 67 
21 66 81 
26 0 80 
9 72 88 
66 53 91 
41 32 1 
63 48 9 
54 1 41 
46 15 2 
59 20 2 
75 84 34 
73 51 99 
82 10 19 
78 26 63 
86 15 98 
2 57 94 
64 20 56 
8 40 0 
33 7 2 
18 28 78 
20 88 81 
30 56 50 
6 56 70 
97 72 65 
9 77 63 
84 72 63 
20 15 38 
28 51 65 
95 60 53 
86 85 73 
0 7 86 
92 64 11 
12 24 40 
62 92 84 
93 98 52 
95 2 59 
18 98 25 
99 66 54 
97 74 36 
11 61 22 
85 52 67 
50 32 92 
16 88 54 
32 36 93 
10 77 81 
0 35 77 
41 17 2 
1 71 35 
40 10 77 
67 56 61 
20 24 33 
43 91 88 
71 68 83 
12 14 30 
50 35 51 
90 93 63 
14 39 60 
77 87 42 
19 38 37 
96 52 21 
83 89 14 
95 81 53 
4 80 19 
42 34 32 
45 94 48 
58 39 69 
40 35 65 
48 12 71 
37 23 17 
52 11 64 
58 59 74 
49 20 99 
93 12 46 
31 89 32 
31 55 77 
19 99 5 
65 99 31 
29 44 61 
57 76 80 
48 4 85 
71 85 34 
14 19 23 
70 28 17 
34 64 55 
23 32 58 
17 23 55 
82 65 87 
67 26 84 
23 19 30 
79 76 63 
76 38 6 
21 64 96 
43 36 23 
3 17 20 
14 14 98 
68 27 18 
16 36 51 
5 28 99 
8 69 58 
15 8 48 
53 79 22 
6 86 14 
37 99 67 
80 24 7 
74 90 57 
48 59 69 
33 19 66 
51 30 5 
76 21 57 
79 85 64 
70 59 35 
11 54 45 
65 29 17 
55 46 83 
80 80 46 
19 97 3 
45 38 0 
39 35 8 
88 21 84 
98 70 38 
57 33 9 
69 46 12 
7 44 77 
53 7 10 
31 44 52 
31 78 69 
77 77 31 
45 45 62 
65 34 33 
58 38 30 
75 98 8 
77 53 77 
10 70 6 
46 76 56 
20 90 76 
65 28 91 
31 18 14 
9 23 96 
72 64 50 
47 44 91 
55 53 51 
8 23 33 
41 31 83 
76 35 27 
61 96 72 
62 32 52 
83 89 43 
67 99 84 
92 68 8 
86 65 77 
45 17 55 
6 71 75 
35 65 49 
52 86 60 
69 92 47 
82 58 75 
83 78 85 
11 76 4 
97 29 10 
41 74 28 
66 81 34 
34 87 35 
31 35 91 
85 67 43 
37 52 4 
3 0 14 
10 20 9 
55 60 43 
32 33 15 
88 13 63 
45 84 92 
31 12 92 
65 82 17 
21 22 25 
16 17 26 
21 97 55 
99 8 69 
1 93 30 
21 32 69 
81 66 10 
1 21 22 
12 33 55 
58 51 3 
0 40 92 
42 36 67 
64 67 35 
92 65 8 
68 15 98 
50 21 43 
51 90 62 
70 93 10 
5 64 63 
24 32 22 
13 15 73 
70 68 46 
27 25 54 
46 38 28 
19 39 49 
39 72 57 
50 87 67 
47 6 22 
80 40 73 
52 50 53 
64 96 28 
47 56 96 
33 9 90 
73 2 45 
38 30 60 
52 29 34 
62 27 38 
76 44 43 
66 23 56 
55 86 58 
79 21 1 
81 56 9 
75 69 96 
61 69 65 
33 46 50 
49 25 55 
70 71 49 
68 13 20 
7 96 81 
16 19 55 
44 13 57 
78 52 17 
35 11 24 
94 64 77 
64 97 18 
28 55 62 
80 77 88 
27 59 60 
38 87 75 
73 45 50 
80 1 46 
2 77 57 
41 51 15 
96 36 70 
38 13 58 
74 69 7 
9 1 23 
88 53 54 
35 76 15 
71 28 22 
32 48 91 
23 34 4 
33 42 47 
36 91 4 
79 50 77 
9 24 72 
51 90 68 
53 42 13 
20 75 90 
22 10 53 
10 75 44 
43 53 82 
46 88 44 
62 3 35 
68 43 57 
13 5 58 
87 42 31 
59 56 66 
20 93 64 
22 22 39 
64 75 58 
45 63 39 
9 7 27 
77 26 31 
94 85 65 
85 9 96 
74 26 56 
9 61 21 
36 14 37 
78 14 69 
2 68 53 
1 3 94 
93 47 79 
20 93 56 
24 79 26 
94 10 2 
48 91 29 
2 98 72 
1 21 41 
54 33 74 
18 29 14 
76 57 87 
5 67 60 
19 0 83 
23 65 73 
80 56 13 
43 30 87 
13 45 22 
28 40 24 
97 39 41 
44 99 44 
57 90 34 
87 76 21 
92 6 52 
15 51 43 
67 5 32 
27 98 17 
5 76 39 
90 39 17 
57 13 22 
70 48 67 
23 47 79 
71 80 1 
40 98 78 
97 10 80 
79 7 50 
85 41 41 
18 95 64 
35 32 97 
19 22 78 
65 36 42 
46 94 61 
69 99 9 
13 49 4 
48 15 47 
37 64 25 
8 96 32 
1 12 9 
17 73 22 
49 21 44 
55 31 18 
11 99 57 
75 12 68 
58 66 65 
24 20 12 
13 61 79 
77 8 42 
2 98 83 
13 18 72 
97 95 69 
50 12 76 
54 26 84 
56 61 96 
58 61 7 
52 72 53 
63 89 59 
62 27 14 
48 77 99 
59 11 32 
98 55 69 
83 61 33 
73 69 52 
17 89 62 
31 96 62 
79 36 54 
62 70 98 
7 92 92 
43 72 29 
80 69 92 
57 49 45 
10 87 54 
21 45 54 
37 80 33 
96 41 63 
80 72 44 
10 37 67 
5 80 91 
34 81 31 
69 71 93 
20 96 73 
91 58 58 
13 76 32 
58 34 37 
59 92 3 
49 44 15 
48 63 99 
76 15 0 
90 60 88 
78 37 60 
54 22 85 
36 63 43 
13 30 77 
53 3 5 
75 9 56 
94 44 13 
83 93 2 
27 19 27 
70 57 99 
26 38 19 
10 18 62 
80 52 35 
79 10 27 
70 5 96 
33 77 88 
17 41 13 
18 63 15 
2 58 85 
54 22 56 
88 0 30 
19 24 44 
21 43 83 
0 45 89 
10 24 99 
60 14 47 
66 61 41 
26 35 21 
33 33 27 
61 33 63 
38 1 75 
81 42 81 
4 39 31 
78 46 33 
14 41 55 
99 52 98 
91 56 20 
6 52 0 
27 48 24 
17 11 65 
26 82 98 
98 33 81 
61 91 53 
35 52 77 
95 81 51 
36 7 25 
5 42 11 
33 52 11 
35 23 66 
65 12 42 
63 79 2 
20 2 69 
81 69 76 
62 17 79 
30 86 52 
25 27 52 
48 13 15 
54 94 5 
1 48 35 
62 71 95 
4 36 13 
24 19 57 
95 4 8 
0 45 24 
1 59 63 
47 10 44 
38 55 47 
16 48 53 
0 93 36 
5 9 26 
10 34 82 
57 27 38 
58 84 0 
25 74 91 
79 22 89 
4 55 38 
69 36 13 
87 60 93 
87 95 20 
73 51 55 
40 30 59 
6 24 78 
61 75 15 
98 53 54 
7 77 58 
20 24 18 
88 65 28 
57 71 14 
59 13 17 
1 51 44 
73 48 63 
99 43 35 
19 6 33 
69 42 2 
99 41 74 
23 87 27 
0 76 24 
38 25 56 
96 42 76 
48 44 89 
97 31 51 
85 97 29 
61 46 55 
63 25 74 
10 41 61 
76 8 48 
97 1 95 
63 71 60 
98 37 33 
65 54 81 
79 76 58 
81 35 51 
15 23 26 
25 88 1 
44 20 77 
34 11 74 
50 61 16 
20 78 2 
11 38 92 
95 53 58 
99 1 14 
82 41 35 
64 12 45 
93 92 29 
49 61 59 
93 21 6 
94 87 6 
98 1 38 
69 62 42 
42 87 51 
24 44 93 
71 54 56 
24 20 10 
18 99 61 
65 11 68 
74 69 88 
71 25 68 
95 20 82 
35 97 40 
78 35 75 
99 12 7 
97 81 60 
10 12 85 
25 38 96 
45 48 89 
89 11 62 
34 21 47 
98 40 46 
74 30 98 
51 50 99 
47 5 80 
47 92 36 
54 79 10 
0 73 94 
6 61 34 
93 54 17 
19 70 39 
88 48 37 
55 56 86 
45 63 70 
13 45 37 
68 17 48 
66 1 94 
81 91 62 
8 26 37 
43 71 65 
30 41 63 
68 34 33 
36 68 75 
37 9 28 
65 77 27 
43 81 96 
39 62 6 
76 99 90 
68 48 77 
81 12 17 
52 83 1 
15 89 84 
98 16 49 
17 35 65 
68 63 0 
4 45 62 
67 54 74 
61 54 97 
22 73 1 
33 42 9 
41 79 53 
33 21 18 
75 70 0 
81 20 88 
19 52 88 
29 61 3 
38 77 60 
40 18 10 
45 17 71 
3 63 28 
61 15 31 
1 6 79 
64 97 39 
64 74 20 
97 90 88 
42 0 94 
66 74 32 
73 67 51 
42 61 11 
98 38 27 
69 75 67 
98 15 43 
30 90 77 
66 35 1 
83 42 16 
42 49 76 
2 51 30 
33 5 5 
44 15 16 
93 77 57 
67 33 47 
81 28 12 
88 45 62 
78 21 36 
15 71 47 
33 32 69 
83 60 68 
84 94 44 
23 70 56 
29 82 39 
30 58 25 
83 37 22 
15 33 6 
95 63 58 
99 51 45 
19 87 34 
22 3 52 
68 32 64 
64 87 36 
76 82 51 
49 26 19 
50 97 79 
56 2 70 
66 21 33 
6 59 95 
55 15 84 
78 34 46 
83 30 6 
7 92 71 
58 12 98 
74 75 33 
3 86 59 
87 65 67 
25 35 3 
78 43 26 
44 69 56 
27 94 64 
67 20 90 
37 44 68 
87 7 69 
81 24 1 
92 18 78 
69 99 23 
58 11 63 
59 95 52 
98 6 86 
94 62 83 
35 14 87 
12 43 99 
84 1 62 
29 81 49 
47 74 57 
55 46 67 
61 13 82 
39 52 58 
83 11 12 
81 1 89 
13 20 81 
55 61 78 
39 26 32 
56 21 52 
68 82 35 
49 96 37 
64 77 20 
56 68 79 
93 52 30 
20 22 76 
8 15 82 
13 0 47 
40 21 45 
1 19 22 
23 88 56 
62 95 27 
64 56 43 
18 70 69 
89 75 20 
97 93 70 
9 35 3 
42 71 76 
49 43 90 
74 70 25 
13 55 52 
10 19 26 
44 55 45 
76 20 42 
18 56 92 
48 98 20 
51 81 40 
22 87 60 
85 55 44 
58 58 81 
66 5 46 
19 18 17 
47 97 2 
89 95 29 
18 94 84 
9 62 25 
96 50 41 
2 26 17 
4 97 93 
67 88 68 
76 10 20 
93 82 10 
50 5 11 
53 68 65 
98 51 26 
13 8 72 
62 50 40 
55 91 8 
33 91 37 
27 97 0 
45 41 88 
81 1 89 
53 63 7 
99 98 20 
10 64 38 
13 15 3 
10 73 25 
80 64 67 
52 3 4 
33 11 36 
63 46 69 
46 58 33 
76 2 87 
47 67 82 
46 83 41 
77 99 92 
50 24 26 
95 95 42 
26 94 64 
56 34 19 
90 56 58 
65 33 10 
62 27 62 
19 80 70 
34 2 6 
10 45 73 
29 0 23 
69 76 75 
19 84 24 
43 29 90 
33 77 45 
93 45 52 
44 86 92 
43 74 9 
92 76 5 
68 78 89 
81 34 76 
85 45 57 
92 37 21 
59 17 27 
68 29 28 
23 56 37 
58 8 56 
24 92 13 
77 78 15 
45 27 46 
14 96 50 
54 20 67 
53 69 58 
89 66 65 
29 94 64 
57 91 92 
44 19 56 
37 85 71 
51 57 35 
53 42 92 
82 2 46 
26 92 37 
74 97 42 
11 7 26 
58 17 20 
96 87 19 
46 5 69 
48 71 79 
72 64 43 
78 59 31 
95 39 31 
64 54 60 
86 30 48 
36 29 57 
17 66 77 
68 45 53 
97 54 34 
71 98 47 
27 42 81 
5 57 38 
61 26 0 
72 1 83 
2 98 88 
61 88 44 
57 71 21 
75 73 88 
94 88 47 
63 73 15 
8 48 20 
37 31 57 
98 79 34 
93 43 52 
37 43 2 
64 27 2 
0 85 27 
43 96 42 
73 88 23 
31 49 76 
68 88 46 
95 74 49 
3 44 84 
2 6 0 
14 74 14 
84 83 62 
39 38 62 
59 27 99 
4 43 79 
25 50 44 
2 83 39 
21 69 77 
13 30 28 
83 85 90 
48 59 63 
4 26 15 
55 55 67 
27 44 69 
72 87 55 
5 63 33 
96 60 62 
72 55 37 
9 29 93 
0 3 89 
20 49 73 
31 12 44 
25 67 11 
88 96 80 
56 25 98 
81 76 10 
43 94 45 
18 79 21 
30 41 69 
64 38 19 
75 2 20 
69 65 16 
44 31 88 
0 92 97 
49 78 1 
33 70 91 
38 24 72 
0 49 56 
59 72 34 
61 93 68 
69 14 21 
26 71 27 
83 28 43 
9 51 39 
56 34 27 
51 83 42 
40 16 35 
36 81 86 
57 84 62 
97 45 9 
34 79 72 
51 69 94 
68 55 27 
25 57 86 
69 67 9 
71 33 6 
6 67 84 
85 38 86 
39 32 83 
84 77 90 
29 53 20 
77 33 96 
10 29 59 
69 38 46 
2 78 27 
28 6 35 
16 96 70 
94 68 53 
35 34 25 
98 77 33 
47 49 33 
76 14 52 
70 54 88 
88 8 73 
64 4 90 
68 64 99 
82 72 28 
52 11 45 
19 40 98 
27 57 89 
49 22 9 
58 16 19 
61 74 1 
33 9 50 
59 90 92 
25 69 45 
41 11 95 
48 64 46 
61 13 51 
58 79 31 
91 20 13 
70 19 67 
60 42 41 
91 72 8 
30 95 72 
30 19 48 
15 65 81 
64 44 48 
93 34 20 
26 36 48 
46 0 96 
83 80 36 
60 22 88 
57 41 61 
69 61 38 
91 23 23 
48 22 40 
88 61 14 
81 43 90 
13 84 84 
4 13 83 
39 12 18 
25 18 73 
58 76 60 
57 54 3 
42 7 43 
40 49 56 
9 52 78 
49 14 38 
95 72 26 
18 87 8 
18 91 8 
18 42 26 
10 53 12 
16 38 94 
85 22 36 
69 42 28 
14 27 12 
96 34 72 
79 31 78 
62 61 84 
38 26 85 
84 18 3 
14 90 49 
57 11 48 
97 64 83 
70 67 13 
45 77 73 
52 15 42 
26 79 86 
92 94 57 
83 43 82 
62 73 59 
3 62 43 
57 38 29 
43 60 59 
14 51 23 
94 55 70 
60 33 63 
83 32 92 
9 2 1 
25 96 35 
56 27 72 
91 65 81 
64 44 99 
87 4 28 
24 69 5 
37 61 15 
30 63 98 
23 2 51 
4 76 63 
95 86 7 
25 73 13 
89 39 53 
28 57 53 
13 88 70 
10 79 29 
58 36 5 
56 24 35 
64 93 59 
46 7 64 
56 60 57 
28 2 29 
98 8 52 
3 62 30 
55 44 90 
28 36 29 
35 73 12 
80 92 84 
94 53 75 
99 9 18 
48 78 83 
13 77 17 
16 2 21 
32 99 97 
18 25 54 
29 96 87 
37 2 0 
45 65 85 
49 85 97 
29 26 83 
92 43 45 
52 72 25 
38 31 83 
44 98 73 
92 73 81 
95 52 41 
58 70 89 
96 71 10 
42 70 73 
63 5 94 
76 28 18 
28 86 85 
12 90 84 
28 85 30 
30 18 89 
78 8 27 
99 84 21 
7 51 96 
71 18 87 
63 3 59 
97 41 78 
68 81 11 
67 45 63 
25 88 82 
91 9 96 
57 51 81 
15 97 32 
5 67 99 
17 85 56 
35 96 1 
55 7 90 
18 79 50 
94 44 97 
64 53 4 
85 15 24 
37 88 41 
45 9 48 
61 43 25 
30 11 81 
65 39 40 
85 28 29 
76 33 28 
55 6 25 
16 32 6 
10 27 67 
1 30 77 
6 90 77 
11 13 54 
76 36 86 
41 76 96 
31 96 89 
91 98 3 
80 36 11 
12 93 27 
66 67 37 
81 95 59 
67 65 31 
88 81 62 
45 66 58 
8 53 87 
38 31 68 
49 33 51 
81 87 55 
25 45 0 
72 80 77 
79 71 83 
52 92 20 
46 90 51 
2 95 41 
1 42 48 
33 7 6 
78 83 94 
57 36 42 
59 52 76 
52 46 88 
56 20 2 
52 69 86 
86 25 40 
52 27 52 
66 91 9 
97 74 34 
99 22 68 
70 7 25 
21 25 21 
69 88 53 
42 22 75 
27 96 24 
98 69 76 
70 70 96 
33 79 86 
82 23 45 
43 78 22 
96 94 20 
12 17 82 
15 0 71 
86 30 64 
38 27 11 
21 99 90 
6 10 63 
37 50 79 
35 60 59 
95 94 82 
99 68 45 
99 46 53 
36 76 12 
27 62 85 
30 4 55 
83 91 38 
28 54 60 
88 99 49 
18 46 7 
15 68 21 
42 0 40 
61 53 24 
30 50 4 
95 58 64 
14 94 57 
67 15 17 
36 33 96 
58 92 26 
59 52 17 
79 52 4 
76 86 71 
72 26 93 
40 65 75 
11 27 6 
75 38 39 
41 48 7 
40 10 88 
32 27 57 
21 52 79 
1 38 20 
34 34 15 
16 82 87 
56 84 65 
37 18 24 
34 86 62 
77 12 81 
62 66 11 
53 41 89 
13 0 95 
79 79 26 
21 47 81 
38 46 25 
64 68 42 
90 21 52 
53 57 72 
82 32 37 
19 59 59 
26 24 43 
62 94 50 
90 58 69 
67 28 51 
66 29 8 
24 7 90 
52 76 31 
72 11 6 
67 75 87 
71 11 10 
10 56 93 
99 83 96 
29 70 92 
83 31 2 
18 87 19 
13 23 97 
40 91 11 
59 27 86 
70 29 84 
65 61 49 
21 42 59 
68 49 39 
18 34 84 
72 90 1 
94 65 81 
69 45 75 
55 10 47 
13 28 38 
30 99 12 
68 61 79 
11 10 24 
70 57 35 
28 70 99 
12 42 65 
63 8 96 
24 72 49 
48 89 34 
34 71 58 
92 5 57 
51 42 33 
31 81 13 
45 72 92 
13 62 81 
2 87 11 
19 21 75 
25 63 31 
60 24 99 
36 9 5 
70 44 98 
61 90 17 
56 60 41 
15 88 54 
22 38 23 
44 72 32 
82 90 31 
20 88 71 
1 94 48 
65 36 0 
27 83 83 
48 51 89 
78 78 73 
79 22 81 
96 85 56 
9 42 77 
13 44 23 
17 26 73 
47 90 32 
36 17 61 
26 32 86 
93 30 29 
94 82 2 
82 37 52 
88 30 0 
95 96 9 
83 45 36 
73 58 8 
52 2 63 
23 59 39 
87 39 69 
21 78 18 
83 33 80 
74 76 49 
85 98 34 
71 45 87 
88 46 49 
33 17 13 
77 24 53 
57 94 73 
70 69 53 
75 2 28 
52 39 26 
94 33 83 
10 35 9 
34 3 28 
11 9 18 
63 69 16 
52 70 41 
36 9 63 
64 0 32 
43 84 57 
19 79 48 
31 31 33 
52 68 51 
63 88 71 
57 81 53 
85 1 42 
90 35 81 
9 53 25 
28 48 82 
64 31 32 
87 14 21 
6 93 94 
78 86 45 
70 38 62 
31 13 3 
94 99 20 
80 97 25 
21 0 78 
91 85 91 
8 52 86 
98 66 47 
25 36 79 
75 28 3 
49 26 36 
85 32 69 
61 65 18 
54 30 73 
49 69 2 
13 81 71 
90 68 74 
65 45 85 
51 87 75 
61 68 8 
90 55 34 
48 94 31 
41 55 9 
19 59 30 
5 23 22 
47 2 45 
73 86 56 
68 51 37 
50 88 89 
36 30 90 
15 22 67 
96 36 74 
85 16 57 
69 16 85 
75 74 87 
74 40 7 
38 34 95 
68 46 32 
11 78 72 
88 30 1 
36 85 30 
45 75 8 
12 74 91 
12 23 46 
63 36 43 
15 23 70 
66 84 89 
2 44 56 
63 98 30 
49 43 79 
10 96 13 
68 61 94 
91 85 30 
88 11 59 
85 10 32 
90 94 84 
42 51 33 
75 63 51 
65 63 62 
36 88 73 
55 74 55 
2 27 69 
26 8 18 
5 18 37 
82 25 53 
14 30 84 
14 54 82 
93 9 63 
61 35 97 
44 4 17 
64 96 65 
33 75 49 
24 6 44 
84 88 62 
84 77 58 
14 12 66 
25 71 69 
73 62 69 
34 93 14 
52 59 60 
63 8 80 
86 56 33 
68 37 27 
73 70 78 
66 98 95 
39 34 95 
82 29 82 
17 20 60 
75 85 48 
64 14 56 
58 46 95 
47 54 4 
4 96 16 
41 5 57 
1 1 3 
72 0 95 
86 34 86 
60 92 4 
43 11 63 
10 30 1 
45 78 23 
79 58 97 
15 70 82 
0 56 42 
1 78 65 
90 51 55 
72 27 67 
64 85 38 
7 30 66 
95 9 17 
62 84 24 
66 34 75 
66 26 87 
55 25 32 
43 32 7 
56 62 36 
91 73 32 
53 40 18 
8 32 12 
45 73 56 
45 40 26 
84 27 84 
91 57 2 
98 69 92 
29 31 55 
70 60 43 
59 92 25 
29 27 1 
49 58 53 
38 14 44 
67 9 12 
81 11 66 
56 44 82 
58 67 9 
63 72 15 
51 22 28 
38 23 66 
66 60 11 
52 40 15 
50 88 39 
17 38 69 
79 61 6 
41 49 45 
42 46 81 
67 23 71 
40 38 95 
57 19 68 
12 21 21 
21 87 22 
77 69 21 
23 44 21 
89 91 30 
56 49 43 
42 53 22 
8 39 29 
68 34 99 
42 15 32 
27 51 94 
37 13 34 
45 74 30 
87 98 28 
52 87 72 
93 69 42 
8 46 48 
36 8 84 
19 46 4 
96 14 35 
78 67 75 
37 81 97 
23 18 50 
0 20 94 
43 85 20 
71 15 23 
40 69 13 
87 24 11 
12 38 14 
0 24 36 
1 22 70 
38 0 85 
22 19 55 
21 52 40 
81 85 47 
8 95 55 
90 84 96 
40 27 64 
53 89 22 
90 91 78 
86 72 35 
66 54 4 
41 31 95 
89 68 20 
16 89 81 
76 34 14 
82 17 89 
98 1 60 
46 54 9 
43 47 11 
27 12 15 
22 17 60 
79 50 11 
92 77 69 
83 14 59 
33 67 19 
96 90 76 
32 16 71 
86 87 30 
64 85 39 
73 63 70 
51 0 43 
70 23 75 
76 66 95 
13 49 39 
39 7 70 
24 51 21 
30 62 32 
59 64 28 
20 39 8 
39 75 73 
20 75 82 
63 27 43 
71 87 2 
1 12 77 
62 37 20 
41 57 12 
83 97 92 
16 82 91 
60 74 36 
65 0 83 
75 68 15 
7 73 26 
2 7 48 
43 4 85 
28 47 7 
69 44 22 
2 66 40 
44 41 73 
73 62 25 
17 25 64 
93 16 89 
25 67 69 
73 40 67 
23 91 56 
73 29 34 
94 22 46 
95 93 32 
58 89 82 
77 90 22 
73 13 53 
54 28 43 
99 31 27 
82 6 69 
92 60 79 
35 48 58 
50 6 25 
81 9 50 
81 97 38 
78 63 36 
14 43 77 
97 17 0 
14 73 16 
45 44 82 
70 33 0 
15 18 72 
97 59 71 
61 78 93 
49 48 92 
95 27 63 
4 25 86 
46 4 5 
89 89 72 
13 6 29 
59 45 88 
9 47 77 
40 27 93 
28 93 93 
24 38 23 
89 85 83 
23 17 55 
22 33 67 
72 49 90 
88 59 93 
1 53 0 
69 56 94 
49 54 70 
15 42 41 
55 81 67 
32 6 70 
64 65 62 
51 29 69 
44 36 75 
29 76 9 
60 82 90 
40 50 2 
19 87 86 
29 92 16 
30 53 2 
38 7 26 
99 46 53 
37 88 25 
43 19 63 
15 95 64 
50 13 25 
84 85 11 
71 18 57 
5 74 52 
9 39 99 
82 90 98 
80 46 57 
1 20 78 
20 12 75 
24 89 91 
95 27 85 
67 40 71 
89 49 74 
3 57 7 
57 45 86 
14 0 22 
10 68 50 
82 33 83 
53 90 14 
91 39 3 
83 45 83 
10 29 19 
52 23 31 
30 56 71 
16 65 79 
29 11 76 
1 62 67 
69 85 95 
63 1 52 
55 7 90 
78 18 60 
56 87 93 
37 94 44 
83 26 94 
23 48 69 
59 20 0 
27 14 54 
37 36 63 
50 53 78 
54 69 50 
35 82 68 
63 93 28 
15 72 37 
63 30 72 
51 6 68 
50 29 54 
89 53 2 
14 91 77 
98 28 71 
87 31 43 
4 31 81 
82 84 35 
45 61 59 
34 2 74 
89 6 70 
61 31 83 
44 85 92 
90 97 91 
96 24 12 
20 13 39 
33 90 6 
13 66 18 
36 38 73 
52 59 85 
76 87 33 
45 74 83 
5 66 41 
4 6 77 
28 54 65 
76 75 1 
5 47 53 
17 37 94 
85 30 31 
40 52 56 
3 79 74 
75 6 45 
43 21 92 
42 84 40 
68 23 2 
5 46 19 
58 17 5 
56 82 40 
46 24 39 
35 73 16 
87 26 31 
97 89 85 
84 37 14 
90 81 40 
46 32 52 
68 16 47 
35 21 74 
56 75 82 
37 33 94 
44 40 28 
2 12 38 
5 27 34 
20 14 43 
18 15 62 
9 40 75 
64 28 28 
25 1 76 
76 75 52 
69 40 58 
2 59 78 
71 18 86 
6 20 69 
64 44 8 
33 91 61 
65 6 95 
46 90 1 
67 46 42 
93 98 26 
56 15 81 
52 76 15 
67 37 56 
55 98 83 
74 86 24 
61 33 58 
0 99 41 
53 6 77 
88 82 68 
80 3 38 
7 69 82 
5 66 72 
79 62 29 
19 60 70 
68 62 99 
21 40 10 
82 53 42 
11 43 59 
60 75 69 
59 69 80 
67 12 97 
55 28 84 
79 29 44 
69 69 42 
55 4 1 
1 52 97 
65 35 15 
91 58 8 
94 81 88 
34 76 65 
69 7 87 
24 74 53 
11 70 74 
87 43 51 
58 43 88 
11 62 58 
76 70 30 
64 37 23 
14 69 74 
62 73 35 
93 7 32 
88 70 73 
96 86 19 
50 70 42 
36 21 90 
78 80 54 
81 30 76 
21 78 49 
56 45 16 
47 24 82 
45 10 9 
5 26 53 
80 87 65 
32 15 61 
87 33 69 
18 0 27 
90 41 23 
17 48 25 
11 57 23 
34 62 62 
72 9 83 
14 24 91 
79 4 43 
59 39 17 
35 18 41 
98 89 78 
8 49 87 
97 53 19 
39 86 4 
77 95 41 
22 38 5 
44 83 21 
41 42 19 
79 69 3 
53 94 60 
9 16 11 
90 29 86 
97 79 17 
66 44 61 
4 84 53 
72 62 26 
2 0 46 
21 89 73 
77 78 84 
62 38 91 
63 6 74 
61 53 64 
64 18 8 
17 45 53 
99 12 40 
65 81 89 
42 8 20 
92 72 58 
99 7 65 
80 28 87 
33 21 80 
32 26 90 
72 57 2 
4 36 90 
69 12 30 
81 49 2 
41 26 0 
31 54 38 
69 0 83 
36 80 86 
58 92 62 
27 53 7 
24 16 51 
70 56 29 
57 61 58 
66 51 19 
16 71 36 
72 68 91 
77 54 17 
40 92 96 
80 54 92 
88 20 9 
77 34 40 
51 80 33 
0 23 1 
3 56 39 
46 92 16 
28 20 87 
22 84 29 
47 20 18 
36 26 65 
41 16 39 
0 79 33 
62 23 8 
49 98 9 
67 50 27 
49 23 5 
64 57 13 
35 38 51 
2 17 13 
83 23 69 
43 45 4 
51 39 56 
69 89 15 
0 29 87 
41 76 26 
74 86 75 
6 51 88 
75 15 74 
66 54 73 
55 73 65 
57 4 2 
46 97 57 
33 2 91 
1 84 43 
92 90 25 
31 10 91 
71 45 76 
43 8 31 
0 52 22 
76 21 25 
39 58 42 
41 99 68 
10 30 96 
18 74 41 
42 1 36 
58 42 61 
49 45 19 
16 21 14 
87 16 25 
3 95 72 
6 12 14 
47 80 64 
76 89 62 
1 86 39 
60 36 32 
37 36 30 
73 14 17 
30 70 22 
93 96 86 
50 23 81 
49 42 16 
72 55 79 
89 77 7 
3 36 39 
23 65 42 
67 2 23 
98 11 90 
2 76 28 
71 77 44 
61 52 78 
44 27 87 
66 7 97 
14 94 68 
71 44 10 
86 17 20 
92 29 2 
46 44 93 
45 20 98 
33 73 79 
9 91 80 
58 11 22 
33 21 1 
68 46 98 
65 69 23 
48 92 95 
41 77 9 
11 25 62 
95 93 12 
84 70 44 
19 89 16 
84 31 31 
17 3 79 
4 14 17 
53 3 86 
19 65 51 
39 11 55 
85 99 62 
12 54 84 
66 28 57 
76 17 39 
6 48 4 
24 28 97 
21 65 96 
53 75 84 
54 20 36 
81 28 90 
82 77 25 
74 69 54 
39 63 48 
13 40 10 
4 60 5 
65 0 12 
57 6 55 
10 96 7 
59 12 95 
52 47 38 
91 26 24 
53 4 42 
3 65 1 
29 7 86 
24 55 45 
64 75 69 
83 11 21 
68 64 87 
45 15 19 
40 29 32 
32 30 66 
5 13 41 
19 72 86 
75 35 57 
75 76 26 
24 24 81 
4 10 0 
44 76 0 
62 88 59 
21 73 50 
85 3 51 
31 10 34 
29 63 89 
92 17 5 
9 68 20 
11 50 91 
45 0 27 
16 61 5 
75 9 8 
25 25 54 
68 20 78 
70 13 38 
98 94 48 
11 27 28 
48 26 1 
24 70 55 
59 95 56 
93 16 89 
77 52 22 
3 78 30 
39 81 84 
0 85 99 
76 67 4 
79 15 51 
1 66 47 
64 93 71 
89 43 74 
61 25 52 
53 15 23 
18 49 82 
28 22 6 
86 0 76 
38 88 49 
54 12 96 
36 14 70 
85 94 29 
73 61 42 
81 38 19 
68 57 91 
21 41 39 
74 39 66 
71 2 29 
30 4 92 
57 88 86 
15 93 20 
71 51 98 
89 55 74 
93 87 43 
88 88 82 
39 61 12 
70 18 80 
33 48 3 
78 47 49 
46 95 56 
66 8 45 
35 40 27 
83 71 44 
24 99 79 
86 6 47 
16 13 83 
97 7 50 
97 65 81 
10 95 59 
91 69 60 
85 99 1 
81 73 25 
34 58 31 
6 55 40 
29 39 97 
18 0 80 
91 97 7 
66 85 86 
26 29 9 
78 12 54 
98 16 55 
62 67 50 
16 83 72 
75 50 63 
35 29 84 
42 46 95 
55 51 58 
69 12 65 
47 98 10 
84 11 70 
10 75 77 
48 60 43 
46 54 57 
6 93 96 
53 61 42 
1 55 62 
24 92 39 
61 44 79 
68 89 37 
17 25 15 
69 73 65 
6 44 93 
73 8 8 
48 61 33 
96 39 76 
52 54 86 
43 62 18 
98 8 39 
56 58 38 
1 57 31 
5 20 84 
80 0 7 
40 94 29 
81 4 35 
27 16 19 
90 78 44 
93 2 91 
3 86 74 
76 72 85 
55 30 10 
8 96 3 
22 70 31 
7 87 1 
29 86 48 
97 80 68 
55 25 42 
11 14 37 
50 12 35 
79 81 76 
80 41 11 
58 66 23 
3 66 77 
29 26 91 
29 0 12 
56 59 5 
27 64 23 
50 90 16 
93 40 53 
98 81 85 
22 71 71 
43 79 39 
3 0 17 
32 98 71 
45 96 97 
71 28 80 
53 23 80 
6 7 90 
97 25 77 
40 57 76 
10 24 64 
43 22 99 
6 36 29 
37 70 25 
95 94 91 
1 0 16 
65 54 39 
31 91 27 
40 9 98 
93 90 60 
88 18 1 
76 78 32 
0 93 87 
83 98 64 
30 66 7 
45 89 67 
89 33 47 
29 44 57 
31 30 65 
35 30 69 
85 99 31 
1 14 29 
9 39 2 
97 5 88 
8 75 5 
31 31 16 
79 26 28 
92 66 50 
32 45 97 
28 34 32 
33 57 74 
47 86 45 
17 95 1 
20 83 95 
97 36 39 
32 66 15 
29 51 57 
13 94 56 
53 52 55 
55 65 8 
47 92 51 
48 63 35 
77 41 27 
22 70 18 
31 55 19 
83 9 29 
62 79 88 
42 39 44 
74 20 41 
92 34 96 
3 63 17 
76 64 30 
58 15 44 
22 3 27 
32 73 26 
94 15 24 
52 25 73 
34 61 29 
92 4 64 
50 2 54 
76 58 31 
60 31 74 
87 12 22 
19 82 27 
13 84 10 
79 45 42 
44 32 47 
76 51 53 
59 4 38 
53 76 41 
40 77 89 
14 52 76 
57 11 10 
94 48 27 
40 73 10 
6 61 86 
23 80 24 
86 83 74 
16 64 86 
71 19 94 
99 85 31 
90 42 21 
60 91 72 
44 51 31 
54 3 86 
48 85 6 
81 70 92 
41 57 71 
95 7 91 
18 78 86 
96 68 97 
10 22 48 
62 81 33 
96 35 59 
71 72 58 
28 40 11 
78 91 66 
32 13 67 
96 47 27 
63 74 91 
32 53 80 
58 16 40 
94 63 74 
16 36 88 
10 14 65 
57 36 60 
10 35 38 
0 16 27 
73 88 85 
81 35 30 
59 53 71 
57 77 53 
78 35 67 
37 96 60 
52 2 14 
60 35 12 
27 44 23 
27 28 79 
2 4 88 
78 84 81 
92 28 47 
25 47 64 
37 17 82 
16 29 96 
42 99 23 
51 70 16 
11 92 95 
41 92 39 
20 63 66 
67 35 67 
8 28 73 
73 73 58 
41 95 69 
53 8 73 
72 88 19 
0 35 54 
78 0 34 
39 36 57 
85 97 31 
91 14 11 
21 94 90 
78 6 86 
47 89 96 
15 97 41 
81 59 24 
90 0 10 
70 36 23 
95 80 54 
7 86 22 
31 92 1 
95 89 46 
83 18 94 
60 45 43 
81 80 71 
37 66 0 
31 48 65 
12 63 90 
65 92 17 
25 64 22 
62 43 81 
43 64 24 
44 39 5 
68 81 50 
36 43 88 
58 94 21 
88 13 71 
81 3 51 
38 43 80 
25 14 17 
14 64 79 
71 92 68 
80 55 77 
54 50 64 
47 32 37 
25 86 25 
98 68 6 
45 64 91 
81 2 99 
3 62 70 
34 39 47 
70 72 56 
88 32 17 
42 12 14 
89 53 79 
47 30 45 
12 33 78 
83 29 63 
63 22 69 
47 22 92 
34 52 21 
80 24 10 
61 28 60 
10 75 78 
32 60 74 
37 1 42 
25 57 22 
99 77 94 
37 83 83 
81 31 0 
71 52 25 
10 55 96 
32 47 13 
40 12 23 
86 91 73 
38 74 34 
46 45 68 
19 67 66 
57 77 52 
98 71 18 
47 29 18 
81 70 61 
12 15 84 
6 82 64 
18 34 83 
81 68 47 
71 17 54 
93 2 29 
20 6 25 
0 5 43 
41 47 27 
69 60 60 
14 95 69 
65 48 74 
67 91 96 
19 92 16 
69 51 66 
46 40 69 
3 81 44 
87 73 46 
98 34 8 
89 38 48 
67 92 41 
22 0 81 
15 95 16 
34 34 66 
78 99 55 
11 75 64 
25 69 10 
80 28 38 
41 21 8 
64 48 0 
34 54 96 
67 42 90 
46 65 69 
81 93 58 
97 8 2 
71 59 46 
63 41 36 
98 65 61 
84 46 85 
15 54 71 
73 7 64 
8 56 59 
49 61 48 
23 20 69 
15 45 24 
88 58 12 
8 72 8 
91 10 6 
75 66 79 
32 42 73 
93 6 27 
4 31 85 
29 97 3 
9 76 64 
93 90 40 
99 28 94 
4 2 51 
30 40 23 
90 92 8 
73 73 38 
66 26 92 
62 82 25 
95 61 57 
29 16 18 
36 67 15 
5 81 82 
93 27 98 
57 96 27 
69 25 93 
25 73 95 
51 10 26 
92 24 77 
82 71 78 
5 22 91 
43 50 63 
14 96 68 
66 1 46 
66 66 96 
38 95 57 
44 11 95 
0 16 53 
80 75 73 
68 38 99 
14 22 80 
94 2 77 
15 60 23 
4 29 72 
87 56 99 
63 81 34 
27 10 78 
7 61 94 
88 78 78 
11 94 14 
37 74 30 
91 78 56 
72 90 96 
29 51 36 
0 21 89 
62 94 9 
66 27 46 
90 9 22 
67 55 70 
15 98 20 
31 55 51 
9 62 78 
84 39 27 
21 94 69 
86 8 51 
23 79 49 
64 59 84 
22 4 68 
10 67 66 
84 20 76 
28 96 48 
93 95 41 
59 31 81 
61 48 54 
80 12 60 
27 20 64 
12 37 0 
67 34 78 
78 68 37 
31 89 43 
0 64 78 
57 61 40 
1 7 6 
21 77 49 
3 14 42 
90 33 26 
99 86 66 
89 71 84 
18 44 7 
26 34 5 
44 66 11 
39 94 98 
5 43 42 
73 89 76 
8 19 43 
65 81 99 
76 60 46 
76 67 77 
24 62 42 
63 95 98 
64 94 52 
47 21 22 
80 30 37 
95 5 9 
32 86 11 
63 78 46 
3 71 90 
78 15 2 
0 78 83 
50 48 68 
2 20 77 
6 80 84 
69 53 34 
15 33 60 
54 46 65 
92 41 93 
98 2 30 
30 51 15 
49 84 33 
44 84 62 
81 79 89 
76 43 88 
68 35 97 
63 86 96 
53 76 98 
15 14 97 
91 69 84 
52 30 40 
67 0 25 
89 22 66 
76 15 24 
43 39 34 
51 33 9 
62 83 45 
55 65 81 
58 56 14 
48 23 7 
99 68 25 
46 94 54 
17 78 67 
75 13 86 
53 28 97 
69 78 44 
36 66 24 
76 78 94 
30 84 56 
28 6 3 
22 3 8 
37 21 66 
14 59 77 
72 17 87 
56 51 25 
80 68 85 
5 84 1 
51 77 60 
67 78 47 
52 67 91 
87 87 99 
51 2 29 
47 58 26 
3 13 67 
56 39 44 
85 73 74 
77 25 97 
53 78 20 
81 23 39 
83 56 91 
90 31 49 
40 18 86 
35 70 19 
99 52 43 
12 16 10 
31 65 50 
75 0 63 
89 83 21 
81 42 56 
88 16 41 
77 62 34 
51 52 41 
98 36 13 
5 95 48 
50 36 59 
70 60 87 
14 86 5 
58 27 99 
76 42 38 
60 90 84 
3 85 15 
80 82 24 
56 8 20 
57 21 98 
36 37 70 
45 57 70 
34 79 27 
39 41 82 
93 81 71 
56 50 35 
71 8 70 
2 56 47 
23 76 85 
59 51 38 
32 69 81 
47 70 69 
3 86 77 
2 82 75 
21 75 40 
83 43 93 
57 98 19 
25 9 80 
33 81 88 
6 95 15 
52 89 93 
54 7 69 
65 75 49 
88 79 1 
60 97 19 
76 40 47 
54 67 42 
65 19 42 
99 32 99 
23 82 94 
42 67 70 
21 71 44 
1 71 74 
4 38 36 
18 44 24 
58 6 30 
90 15 75 
80 94 92 
53 62 81 
65 84 33 
49 29 15 
45 82 35 
52 52 53 
1 47 96 
70 84 48 
19 68 53 
54 17 74 
18 65 50 
8 84 38 
96 82 19 
6 59 40 
46 64 79 
52 29 31 
6 31 52 
67 95 6 
18 79 30 
32 90 63 
85 4 21 
30 54 89 
88 91 57 
91 23 59 
65 84 26 
79 38 67 
30 24 58 
77 59 82 
48 26 18 
29 72 65 
54 5 53 
10 79 25 
15 12 96 
90 93 84 
4 93 38 
12 91 42 
58 7 27 
91 11 36 
39 72 41 
70 54 4 
23 51 7 
12 78 87 
76 54 51 
98 13 17 
92 96 82 
35 51 33 
47 71 47 
10 31 12 
55 98 83 
49 28 0 
64 91 81 
21 28 84 
53 49 92 
69 24 71 
86 82 74 
20 74 61 
28 94 5 
80 49 1 
90 15 0 
59 95 25 
30 39 43 
58 67 39 
34 21 72 
68 4 38 
91 98 43 
99 98 71 
90 67 17 
84 94 87 
43 99 72 
8 75 55 
59 45 11 
97 84 89 
85 19 23 
87 31 74 
11 14 88 
83 57 43 
93 54 37 
25 82 67 
81 71 14 
46 14 83 
96 29 36 
83 31 74 
38 84 94 
74 6 79 
36 20 46 
95 11 43 
42 22 23 
68 12 63 
74 78 82 
12 14 38 
75 17 67 
65 97 16 
57 99 53 
27 39 95 
35 91 89 
85 99 62 
4 98 61 
11 24 2 
13 53 99 
62 58 21 
99 68 12 
96 7 56 
94 17 26 
20 37 46 
85 48 11 
84 32 2 
92 15 98 
44 19 84 
0 31 27 
83 47 2 
80 76 97 
16 75 93 
61 34 20 
92 78 12 
31 57 82 
1 9 55 
43 66 41 
99 46 47 
34 48 91 
60 43 25 
63 91 64 
20 67 85 
78 65 58 
70 50 47 
21 4 30 
88 34 35 
53 94 35 
91 53 76 
20 22 69 
39 40 81 
35 67 10 
28 70 30 
78 36 29 
46 44 13 
68 52 67 
20 63 51 
35 70 44 
27 91 17 
67 92 12 
83 97 62 
64 45 13 
10 42 18 
39 44 30 
88 26 22 
19 82 3 
45 32 2 
48 7 92 
97 57 9 
1 9 50 
74 98 86 
68 87 43 
93 81 40 
93 44 54 
3 63 86 
3 96 9 
74 30 61 
67 57 39 
30 36 53 
16 31 87 
55 95 61 
77 1 48 
79 1 88 
65 90 88 
91 11 79 
85 93 15 
15 52 88 
69 67 29 
43 12 46 
52 77 58 
83 74 66 
92 15 35 
61 13 42 
57 87 95 
77 35 23 
83 44 39 
70 19 81 
9 1 81 
97 74 77 
37 97 76 
86 57 16 
26 47 25 
7 74 85 
46 9 41 
69 55 32 
34 75 21 
3 75 29 
94 41 28 
65 77 18 
30 2 20 
37 63 68 
76 50 11 
21 4 29 
50 54 79 
10 47 71 
59 2 65 
88 22 54 
43 77 48 
59 9 67 
77 26 28 
83 53 72 
91 86 80 
5 96 9 
3 49 9 
67 88 43 
40 89 53 
85 99 81 
60 3 32 
75 22 15 
40 7 77 
85 70 75 
26 56 54 
44 19 65 
87 82 25 
91 14 22 
94 70 92 
70 72 92 
57 11 89 
80 30 10 
10 69 24 
91 90 91 
26 59 25 
60 69 55 
48 46 94 
41 67 55 
80 63 96 
57 38 59 
49 82 15 
41 73 87 
0 59 11 
33 58 96 
35 40 69 
38 97 68 
72 35 40 
64 94 42 
15 61 44 
39 2 27 
24 55 79 
1 37 44 
18 55 4 
57 42 67 
86 9 13 
25 43 41 
51 48 51 
43 73 0 
3 96 27 
9 30 6 
36 43 92 
46 82 40 
3 68 82 
80 8 61 
89 11 76 
24 98 72 
27 20 54 
84 82 80 
9 32 40 
8 15 83 
46 63 99 
63 59 82 
11 7 48 
64 60 25 
17 22 63 
58 12 41 
16 6 7 
82 70 40 
24 85 52 
41 59 5 
22 48 55 
79 66 78 
41 33 8 
58 94 93 
65 20 71 
45 4 46 
33 37 99 
52 33 96 
27 64 62 
7 16 72 
50 72 16 
50 39 1 
94 44 25 
59 16 33 
83 90 16 
24 9 94 
45 32 33 
92 57 64 
94 17 78 
88 60 66 
63 35 42 
84 97 54 
0 46 18 
53 73 81 
32 53 8 
64 13 65 
81 56 49 
53 54 29 
84 0 18 
94 38 56 
10 93 65 
4 99 42 
58 73 59 
78 82 57 
75 75 90 
88 84 62 
0 35 33 
44 40 27 
97 13 12 
46 33 98 
84 65 16 
20 4 89 
20 70 86 
33 92 92 
78 44 28 
8 77 23 
45 41 34 
90 86 57 
71 28 78 
47 87 24 
70 26 86 
89 5 29 
10 64 11 
79 65 12 
59 32 7 
34 68 37 
81 95 77 
0 82 55 
60 24 53 
3 36 8 
67 17 99 
29 14 89 
26 33 23 
68 78 9 
72 69 75 
47 16 12 
31 77 15 
86 89 8 
89 84 15 
60 30 19 
96 83 55 
76 58 84 
92 74 11 
59 57 4 
62 90 46 
43 41 25 
30 60 57 
33 54 98 
73 45 45 
66 78 74 
71 26 35 
65 64 19 
20 27 78 
34 48 5 
78 46 79 
71 87 60 
45 61 51 
95 53 36 
2 9 41 
62 52 54 
46 30 39 
91 83 86 
21 29 65 
13 22 7 
77 43 93 
29 45 99 
91 27 27 
28 61 2 
68 39 56 
85 29 52 
90 34 56 
15 62 58 
24 85 26 
86 72 95 
4 84 21 
54 87 21 
43 40 15 
96 15 2 
20 91 50 
18 43 41 
20 82 81 
24 77 10 
92 91 96 
47 32 38 
95 8 62 
0 30 58 
23 90 99 
50 10 39 
52 33 30 
44 19 76 
83 0 55 
93 31 6 
16 50 14 
2 53 91 
61 97 84 
85 66 77 
34 14 9 
68 35 46 
21 76 76 
48 73 71 
63 69 60 
12 26 32 
88 66 52 
64 3 83 
41 46 19 
7 32 78 
11 82 18 
26 33 24 
16 0 59 
75 37 81 
13 86 73 
51 51 68 
45 56 74 
83 96 35 
0 46 54 
83 90 81 
99 66 58 
67 22 4 
60 84 6 
75 56 52 
8 69 16 
64 46 23 
28 76 76 
93 27 72 
33 4 67 
83 9 79 
1 25 80 
17 58 32 
5 29 97 
81 72 91 
44 76 17 
95 36 81 
46 20 89 
28 6 14 
98 79 15 
6 3 67 
41 17 56 
84 9 24 
91 25 76 
92 0 11 
20 94 84 
61 7 12 
32 77 41 
60 32 64 
73 28 12 
83 34 94 
61 20 8 
22 39 31 
56 3 1 
78 4 23 
2 35 92 
50 27 36 
12 83 45 
60 35 23 
12 40 99 
22 40 60 
46 84 95 
15 16 62 
79 4 26 
61 57 71 
3 94 46 
11 97 19 
89 18 82 
77 58 70 
35 78 13 
92 65 85 
98 54 82 
47 48 9 
94 72 83 
45 95 63 
26 0 77 
18 52 69 
83 50 79 
33 58 69 
67 43 87 
17 16 77 
66 84 14 
73 76 76 
28 68 58 
37 67 20 
43 96 1 
10 20 47 
57 64 33 
50 36 95 
96 12 12 
51 37 91 
60 29 88 
60 61 25 
26 90 72 
14 76 40 
64 71 17 
73 68 59 
75 8 36 
19 37 16 
92 26 75 
62 46 30 
2 8 50 
65 33 24 
22 18 72 
34 75 45 
35 46 45 
97 71 98 
13 93 69 
2 81 60 
49 72 76 
40 93 50 
32 80 33 
66 80 54 
26 33 94 
57 92 71 
29 15 77 
23 98 33 
91 30 80 
2 23 68 
25 74 30 
93 75 60 
0 17 11 
69 92 87 
76 78 43 
15 15 44 
61 62 54 
55 28 78 
51 45 2 
53 39 60 
5 91 15 
81 76 84 
41 26 1 
42 69 66 
33 83 94 
3 48 37 
39 52 94 
19 99 13 
69 95 49 
68 68 9 
92 89 38 
58 7 1 
19 36 50 
25 52 10 
4 33 89 
91 44 75 
57 76 94 
82 76 49 
71 85 36 
31 43 30 
16 95 70 
63 32 34 
37 86 31 
2 79 67 
65 84 60 
68 24 6 
72 24 37 
83 22 36 
27 81 75 
19 12 86 
66 31 16 
70 94 69 
49 55 18 
52 47 22 
28 35 35 
65 55 1 
42 46 49 
29 13 15 
41 48 39 
66 78 75 
7 31 61 
31 38 79 
51 74 38 
32 77 19 
12 95 59 
33 80 61 
55 94 47 
84 8 18 
93 35 51 
17 71 17 
4 65 79 
43 48 26 
55 25 53 
0 3 18 
83 99 38 
9 98 82 
2 55 39 
10 14 22 
40 67 41 
52 58 6 
21 33 77 
13 9 77 
27 45 11 
38 41 46 
64 4 82 
8 5 45 
28 12 90 
71 60 72 
57 16 37 
0 37 42 
84 49 87 
75 46 31 
61 26 75 
78 85 2 
86 96 97 
23 36 26 
0 39 33 
8 87 39 
85 74 54 
14 47 61 
48 60 60 
41 42 22 
90 7 22 
58 15 50 
63 59 16 
50 29 82 
49 34 9 
86 54 34 
91 96 26 
43 25 50 
15 38 0 
67 31 42 
90 84 82 
82 30 80 
47 54 95 
10 27 20 
9 62 36 
38 58 71 
26 7 80 
57 72 31 
60 23 16 
3 63 62 
84 48 6 
54 88 78 
79 8 16 
12 38 77 
4 6 73 
19 57 20 
40 2 17 
21 60 4 
21 98 46 
83 51 80 
66 90 51 
51 40 22 
6 33 46 
67 45 78 
52 76 62 
85 73 80 
16 54 87 
45 52 58 
49 65 24 
64 78 6 
47 69 24 
62 44 43 
70 0 24 
33 95 17 
2 74 97 
79 13 51 
17 49 34 
14 67 59 
86 8 91 
41 66 49 
21 30 64 
59 39 7 
52 84 49 
55 96 48 
14 66 68 
22 72 13 
94 49 0 
36 1 75 
47 22 67 
85 80 40 
53 5 75 
40 18 84 
61 16 42 
94 1 80 
68 60 71 
20 98 37 
15 98 4 
40 67 90 
28 8 68 
75 76 11 
31 9 64 
53 76 23 
94 93 67 
98 27 30 
82 27 48 
7 25 70 
96 38 28 
79 72 62 
86 38 28 
55 10 77 
48 32 43 
4 55 7 
63 12 63 
87 49 97 
61 14 55 
67 6 0 
53 38 43 
43 20 56 
20 9 77 
77 67 83 
49 49 51 
35 5 23 
31 52 82 
42 29 80 
87 64 50 
31 50 32 
40 75 87 
92 30 35 
2 52 98 
83 80 14 
84 96 69 
66 50 60 
25 0 39 
37 43 63 
25 38 81 
60 70 2 
69 79 9 
8 43 5 
93 26 56 
20 53 78 
54 27 0 
30 90 97 
32 95 94 
15 39 40 
95 19 10 
72 14 16 
47 9 49 
20 2 99 
56 93 48 
64 32 27 
58 61 45 
72 42 85 
67 33 81 
12 94 17 
68 11 26 
47 4 10 
63 41 51 
6 97 90 
66 24 20 
11 56 29 
84 42 16 
51 19 43 
54 29 25 
55 13 95 
91 33 41 
93 23 71 
91 31 52 
50 62 39 
91 18 77 
43 41 20 
52 33 2 
48 87 54 
61 73 88 
58 92 3 
33 48 38 
96 50 97 
12 6 80 
29 25 32 
38 58 77 
19 43 68 
84 23 21 
85 78 58 
32 85 43 
41 9 72 
36 72 12 
19 75 78 
4 1 55 
61 78 79 
50 83 17 
78 5 38 
29 23 65 
65 89 95 
46 40 2 
44 56 60 
28 36 57 
51 14 44 
94 62 82 
80 49 63 
18 37 42 
38 82 43 
29 7 30 
48 52 30 
62 4 37 
21 45 47 
13 89 97 
8 58 15 
64 4 75 
33 48 42 
62 69 95 
11 75 42 
58 65 37 
13 34 68 
68 9 24 
89 86 50 
37 58 47 
58 49 17 
16 1 81 
29 81 54 
6 59 34 
91 65 57 
39 46 16 
56 91 36 
62 53 23 
35 69 52 
66 66 83 
26 72 39 
95 60 7 
68 50 33 
65 62 9 
7 36 64 
12 12 79 
43 8 24 
18 17 25 
93 75 79 
39 3 21 
70 46 77 
28 77 23 
60 79 97 
9 78 67 
65 84 54 
81 12 49 
98 58 96 
58 13 17 
16 95 90 
9 89 50 
8 95 13 
54 56 5 
60 34 8 
84 96 68 
42 11 82 
40 72 81 
56 19 48 
30 82 75 
63 57 84 
9 30 92 
87 64 41 
3 76 28 
59 82 11 
39 30 5 
96 23 51 
41 1 28 
29 88 0 
54 51 61 
44 42 14 
78 98 98 
79 46 31 
59 69 66 
62 19 63 
86 67 26 
81 36 17 
36 15 88 
92 44 29 
22 79 55 
69 44 39 
20 38 19 
58 18 91 
77 93 50 
59 37 64 
3 54 2 
35 32 48 
35 40 29 
25 38 88 
96 5 39 
46 77 56 
55 27 83 
40 94 55 
58 29 46 
14 38 13 
74 34 21 
46 34 64 
36 21 99 
33 53 88 
93 39 5 
55 98 81 
8 42 58 
79 18 90 
49 1 29 
9 69 78 
62 62 5 
79 72 89 
37 41 26 
51 27 56 
53 94 78 
65 34 12 
28 87 97 
41 1 36 
18 89 69 
5 11 27 
46 8 42 
38 96 32 
52 93 89 
67 6 90 
89 91 36 
14 68 26 
59 41 97 
92 87 47 
87 81 93 
42 42 95 
4 30 29 
68 78 5 
45 80 86 
77 52 42 
57 90 23 
49 2 68 
97 57 69 
4 5 81 
46 10 73 
7 62 12 
92 22 77 
13 25 32 
79 91 58 
72 25 77 
7 45 70 
99 38 60 
15 92 11 
66 95 31 
60 62 43 
21 67 77 
21 34 79 
67 89 53 
27 9 0 
25 41 44 
81 13 90 
61 82 1 
14 80 0 
6 15 70 
13 49 1 
2 5 24 
65 64 14 
6 98 93 
29 43 15 
90 74 1 
70 59 63 
16 25 49 
40 77 31 
91 8 43 
97 93 12 
49 41 22 
52 79 15 
80 62 91 
86 29 80 
91 89 65 
76 44 95 
65 73 40 
52 42 4 
73 9 58 
56 53 69 
30 59 61 
96 37 68 
58 52 12 
29 85 11 
23 18 89 
33 2 30 
14 62 75 
78 16 66 
79 78 34 
67 48 82 
1 91 22 
98 72 50 
20 34 85 
66 21 57 
51 45 14 
19 10 54 
10 36 68 
93 89 99 
25 48 77 
11 73 98 
74 92 68 
78 44 17 
42 23 63 
53 0 63 
6 4 83 
32 98 16 
8 78 5 
7 28 42 
94 94 29 
34 56 30 
64 30 15 
18 84 67 
85 21 59 
6 53 30 
91 4 12 
33 40 51 
64 4 88 
15 74 30 
84 2 7 
10 9 44 
11 7 21 
59 37 18 
94 78 36 
17 11 29 
66 23 95 
36 86 57 
14 83 56 
75 71 98 
18 9 22 
36 31 23 
93 86 78 
59 46 53 
28 82 27 
55 99 34 
18 18 3 
27 30 61 
85 30 98 
17 77 46 
60 11 4 
89 64 42 
31 74 58 
19 35 81 
85 47 37 
26 94 58 
47 2 1 
78 88 91 
65 33 72 
54 46 2 
20 32 2 
57 45 60 
93 90 91 
26 62 24 
31 13 9 
51 68 92 
50 66 62 
72 42 9 
36 65 17 
57 52 41 
47 69 33 
41 35 97 
92 61 29 
49 22 7 
46 69 93 
71 22 39 
84 54 73 
84 0 33 
94 50 52 
56 20 29 
5 14 57 
77 59 41 
74 8 38 
69 87 63 
24 10 71 
6 50 52 
28 60 38 
80 54 96 
24 23 73 
14 0 0 
20 61 46 
41 29 57 
26 33 83 
52 19 78 
17 8 23 
14 8 43 
77 31 30 
93 37 28 
29 10 71 
21 28 14 
31 30 83 
85 72 70 
81 10 27 
41 41 45 
70 91 34 
0 0 35 
44 3 52 
93 30 60 
18 60 90 
22 84 87 
5 96 57 
36 87 88 
46 90 67 
40 38 51 
46 61 44 
57 18 54 
62 46 85 
36 63 33 
31 83 4 
23 37 75 
16 26 18 
12 47 77 
63 75 45 
72 1 23 
30 49 77 
22 60 67 
81 59 70 
46 50 4 
72 95 98 
87 76 34 
26 39 59 
53 78 88 
25 98 87 
6 48 96 
1 66 96 
42 27 70 
47 93 36 
71 15 35 
7 28 12 
31 61 68 
10 63 57 
64 44 60 
64 46 74 
45 51 93 
80 54 14 
19 55 3 
38 67 8 
51 25 18 
39 70 76 
80 62 74 
21 90 65 
48 82 23 
80 19 86 
84 67 57 
67 68 69 
51 88 64 
80 98 3 
66 56 2 
25 64 78 
1 21 83 
67 31 6 
57 30 89 
33 12 78 
15 19 64 
35 99 23 
14 50 35 
2 54 7 
57 30 98 
38 85 44 
72 58 47 
58 19 54 
91 13 36 
16 41 59 
6 95 76 
71 55 99 
2 27 73 
36 64 2 
45 55 68 
7 89 15 
84 91 16 
60 13 19 
82 53 52 
68 72 56 
92 58 39 
58 72 82 
28 70 86 
67 99 10 
12 31 96 
72 81 7 
13 19 60 
4 98 95 
73 52 93 
68 92 1 
41 45 90 
75 97 72 
89 24 25 
17 71 83 
5 97 94 
33 73 96 
10 52 99 
21 52 89 
63 56 22 
17 88 12 
67 2 91 
64 12 75 
17 44 22 
37 88 68 
2 27 22 
64 71 16 
70 56 63 
44 95 70 
80 48 54 
2 88 26 
90 73 75 
97 6 21 
29 0 91 
59 80 57 
98 6 54 
4 0 16 
49 88 92 
3 6 69 
1 17 73 
55 57 43 
28 8 13 
74 62 8 
5 79 41 
44 62 41 
45 52 39 
4 95 28 
9 68 78 
22 43 78 
37 29 40 
27 38 77 
54 83 57 
37 51 84 
51 93 14 
26 9 18 
32 89 83 
26 99 61 
90 36 74 
73 22 24 
99 52 16 
7 54 67 
95 14 66 
15 51 39 
89 78 11 
7 55 76 
87 77 15 
8 34 12 
65 66 30 
77 71 95 
20 31 71 
79 93 3 
69 78 73 
33 21 23 
51 20 63 
37 53 70 
29 94 62 
63 16 45 
85 76 67 
30 35 81 
96 1 56 
16 73 75 
18 28 98 
80 14 0 
11 82 92 
38 28 84 
1 2 0 
79 43 99 
91 85 0 
15 31 26 
86 98 33 
0 26 77 
91 77 66 
84 9 28 
41 82 68 
57 34 63 
30 16 24 
87 71 77 
4 89 20 
91 55 30 
90 14 94 
23 17 43 
7 52 10 
17 10 82 
89 87 15 
39 91 71 
2 17 95 
5 68 77 
47 64 12 
53 30 64 
71 15 16 
77 95 68 
37 55 50 
39 89 46 
45 50 44 
60 82 35 
53 5 47 
3 8 58 
28 56 5 
5 0 63 
7 12 78 
32 76 92 
90 60 69 
99 19 40 
22 41 67 
32 68 96 
61 67 94 
94 49 5 
37 96 37 
4 23 24 
91 67 85 
18 23 44 
84 58 38 
9 77 48 
91 18 71 
37 64 89 
74 14 52 
93 90 67 
17 27 70 
78 77 37 
81 64 1 
69 53 38 
59 43 82 
96 27 74 
73 82 16 
36 38 59 
21 59 94 
39 68 38 
21 44 85 
49 83 37 
43 36 33 
65 82 18 
22 38 52 
20 19 89 
9 31 28 
52 65 60 
25 23 13 
3 80 7 
28 30 70 
32 20 71 
3 12 3 
11 65 21 
39 12 54 
19 81 1 
79 74 29 
0 28 55 
43 49 36 
68 80 93 
39 93 33 
26 23 32 
79 9 79 
84 74 7 
71 82 79 
32 31 64 
35 9 50 
46 26 57 
83 22 8 
99 85 59 
59 86 28 
77 29 80 
70 67 16 
91 79 77 
83 1 77 
24 98 75 
55 22 81 
68 23 58 
69 55 86 
98 91 34 
82 47 77 
84 27 84 
6 50 3 
18 14 65 
23 18 2 
3 11 48 
89 19 48 
56 99 98 
92 86 52 
96 84 30 
37 82 9 
80 58 9 
0 78 32 
22 84 24 
49 24 87 
75 16 55 
79 9 75 
26 82 96 
45 19 55 
29 33 69 
79 43 0 
67 52 92 
55 27 99 
94 85 50 
80 14 26 
46 30 93 
16 64 80 
88 4 38 
23 19 56 
52 77 80 
0 7 25 
32 51 77 
32 9 47 
60 96 13 
23 85 90 
39 12 88 
65 24 78 
33 57 25 
21 17 50 
72 43 47 
29 86 63 
60 27 2 
31 69 8 
15 42 39 
46 51 17 
47 55 44 
67 63 60 
24 87 72 
51 79 65 
2 30 11 
99 89 85 
52 0 62 
13 33 34 
97 10 51 
45 80 30 
35 80 83 
15 65 80 
57 35 91 
69 48 42 
39 36 85 
84 34 58 
27 19 9 
15 95 31 
8 59 82 
32 12 51 
14 8 97 
3 11 14 
57 70 12 
62 32 67 
97 82 12 
62 70 20 
74 38 43 
80 42 2 
21 45 88 
86 9 11 
92 56 91 
68 46 22 
46 68 37 
49 83 68 
61 66 91 
54 67 0 
12 97 46 
31 50 16 
63 91 22 
74 40 76 
28 51 32 
44 70 10 
30 21 0 
92 76 22 
73 67 30 
64 94 16 
96 69 49 
29 32 3 
65 79 7 
2 92 91 
37 28 93 
92 70 32 
31 25 68 
25 53 43 
39 92 36 
89 69 0 
74 58 78 
50 69 82 
24 8 63 
25 30 17 
42 56 94 
90 83 78 
66 31 2 
90 93 73 
18 9 14 
23 7 19 
11 31 31 
9 21 14 
38 77 91 
38 55 45 
18 46 32 
49 0 55 
81 56 40 
14 92 1 
4 46 69 
18 44 71 
38 65 66 
51 94 68 
54 65 73 
86 37 63 
19 68 8 
96 38 66 
19 94 69 
75 99 44 
59 42 82 
39 83 66 
97 25 93 
18 50 38 
61 5 97 
67 42 1 
9 69 98 
27 67 0 
84 58 18 
55 58 23 
7 85 44 
13 75 24 
4 52 66 
96 24 88 
87 48 93 
54 61 13 
93 2 64 
15 32 19 
13 53 42 
67 10 30 
60 88 89 
25 3 69 
42 85 5 
13 3 29 
27 41 40 
43 87 61 
83 22 91 
20 61 74 
61 87 26 
43 4 47 
78 92 19 
98 57 17 
77 56 47 
83 24 89 
11 27 50 
62 81 69 
33 0 19 
42 14 8 
5 97 25 
2 7 90 
38 11 15 
56 79 80 
50 72 52 
0 0 57 
35 56 59 
54 21 55 
91 82 61 
20 19 18 
60 38 72 
48 28 75 
52 7 1 
22 20 19 
48 67 29 
30 98 82 
78 95 8 
58 30 38 
85 75 86 
80 25 36 
58 53 71 
34 77 31 
74 19 8 
33 27 66 
98 16 34 
95 13 28 
1 37 36 
90 81 11 
41 68 36 
36 29 9 
19 38 66 
47 9 40 
12 67 99 
54 84 72 
33 45 64 
67 77 36 
43 61 95 
55 36 16 
53 34 60 
59 84 0 
85 25 98 
80 64 61 
49 55 10 
51 71 64 
11 53 88 
16 39 0 
81 98 22 
21 31 74 
10 96 96 
48 46 55 
19 84 29 
62 50 91 
31 18 82 
65 43 59 
59 40 46 
35 74 23 
51 56 87 
92 71 97 
8 91 39 
23 5 77 
83 97 51 
24 78 34 
94 99 36 
66 50 36 
90 44 61 
8 0 38 
57 30 3 
86 29 0 
74 99 40 
18 2 75 
50 17 49 
84 66 11 
19 64 52 
72 6 54 
8 29 4 
69 43 30 
10 11 83 
85 36 18 
77 40 34 
74 58 23 
93 71 94 
99 5 12 
38 87 85 
21 75 9 
58 85 92 
19 81 78 
67 39 72 
29 50 91 
69 97 65 
97 15 55 
10 26 41 
76 1 89 
10 6 54 
14 76 52 
15 20 99 
95 26 4 
20 92 99 
39 1 96 
69 5 91 
6 63 31 
3 12 20 
98 84 33 
68 93 10 
17 17 9 
39 49 20 
11 62 48 
78 66 65 
74 33 33 
73 13 0 
67 1 9 
65 1 7 
36 36 36 
2 62 53 
48 9 57 
45 8 91 
80 75 95 
3 1 0 
42 97 36 
63 31 90 
6 87 9 
4 83 41 
5 98 84 
82 84 83 
31 53 2 
0 34 41 
31 59 62 
90 88 1 
73 92 56 
8 67 84 
11 5 30 
90 43 80 
15 86 9 
98 70 35 
42 50 17 
60 31 71 
53 21 22 
8 86 82 
5 93 12 
71 48 93 
66 19 54 
1 70 81 
40 80 69 
64 82 23 
40 17 62 
7 75 67 
86 29 77 
49 40 45 
92 96 72 
6 59 35 
50 93 9 
94 12 48 
36 52 86 
69 89 35 
32 14 2 
69 16 95 
37 28 88 
6 31 41 
34 51 93 
42 43 93 
53 33 73 
83 89 0 
72 74 35 
7 91 10 
96 27 66 
35 87 48 
31 62 52 
68 57 96 
70 93 40 
50 84 97 
79 29 91 
94 90 52 
36 25 60 
0 36 2 
80 48 57 
0 66 5 
27 88 16 
99 39 44 
21 44 42 
18 78 33 
37 38 80 
47 31 96 
89 23 1 
25 2 66 
33 41 36 
30 17 14 
78 37 10 
79 39 35 
2 75 76 
57 23 10 
88 72 69 
40 45 3 
63 69 42 
33 69 52 
27 75 52 
9 93 81 
31 57 23 
98 88 55 
16 73 54 
80 17 61 
86 14 65 
44 7 42 
12 12 71 
55 13 90 
78 27 39 
15 45 8 
37 64 31 
21 57 49 
78 34 86 
26 86 81 
50 44 30 
23 22 33 
91 18 19 
10 29 80 
81 73 75 
0 38 4 
90 87 9 
16 97 62 
68 5 20 
51 38 13 
98 25 45 
83 15 75 
59 62 74 
39 43 62 
47 19 15 
71 16 56 
32 80 65 
15 1 17 
54 1 87 
75 80 85 
21 91 39 
32 75 46 
66 32 96 
32 83 77 
0 52 88 
28 3 83 
74 12 96 
71 74 70 
29 18 69 
56 43 91 
28 38 93 
64 67 49 
88 56 66 
64 41 47 
58 0 2 
92 17 46 
17 10 60 
14 11 98 
11 86 57 
44 22 48 
41 72 87 
89 74 35 
53 26 95 
30 27 61 
17 54 87 
76 4 12 
89 63 53 
63 34 12 
93 4 6 
42 4 30 
70 62 15 
66 78 34 
2 52 78 
42 82 39 
22 26 6 
73 99 41 
96 75 88 
82 55 95 
1 52 26 
27 46 98 
11 17 84 
81 73 43 
84 85 63 
73 68 78 
3 48 54 
78 6 33 
69 95 0 
91 62 23 
58 98 44 
12 34 88 
12 33 2 
52 76 20 
25 28 81 
2 39 59 
62 76 47 
44 51 87 
70 2 18 
2 81 36 
52 54 47 
3 87 2 
40 5 83 
73 57 92 
7 29 53 
76 41 61 
88 13 40 
81 42 4 
5 72 2 
55 76 26 
71 72 93 
60 62 18 
3 68 41 
86 63 61 
8 65 80 
55 38 57 
65 55 95 
45 67 69 
83 64 37 
97 93 9 
85 99 1 
52 50 71 
63 57 43 
17 1 58 
53 21 38 
74 75 9 
36 7 80 
58 95 71 
78 17 40 
83 94 46 
25 20 69 
50 81 87 
81 72 29 
73 99 57 
56 46 47 
93 89 63 
88 5 67 
47 43 59 
78 20 26 
63 79 10 
85 15 92 
87 23 5 
81 46 72 
60 58 97 
79 96 42 
26 36 33 
15 18 56 
54 59 25 
36 31 18 
88 37 80 
73 52 13 
21 15 46 
27 26 82 
88 75 81 
68 63 0 
6 66 33 
37 46 61 
96 62 64 
39 12 41 
60 44 82 
53 77 66 
42 10 22 
62 78 69 
3 96 95 
28 65 32 
47 25 91 
74 95 64 
18 26 64 
67 43 9 
69 98 52 
4 15 58 
21 70 99 
36 99 92 
35 81 98 
7 75 73 
54 42 2 
27 55 12 
62 24 50 
60 60 10 
36 3 47 
41 89 34 
6 46 83 
32 4 80 
12 51 76 
76 98 2 
57 74 10 
41 84 25 
2 65 7 
17 31 1 
32 7 45 
58 91 0 
77 21 20 
95 33 6 
92 25 70 
65 70 78 
94 38 97 
93 75 95 
24 47 32 
16 65 76 
91 70 1 
22 11 17 
32 2 62 
39 24 88 
38 46 25 
15 31 87 
24 85 8 
75 74 52 
75 86 95 
37 14 27 
53 60 16 
47 63 28 
38 26 63 
32 46 50 
59 90 98 
9 84 23 
69 53 87 
79 27 77 
89 34 49 
87 44 48 
78 52 54 
53 0 60 
85 76 31 
63 64 5 
76 99 45 
44 44 91 
79 16 74 
18 14 83 
71 8 37 
52 53 54 
56 43 26 
93 38 72 
29 25 12 
62 56 49 
74 97 16 
22 69 34 
42 55 10 
90 52 60 
70 66 24 
40 67 45 
59 99 94 
30 52 44 
97 24 61 
45 91 63 
51 4 54 
45 78 38 
32 60 91 
71 64 2 
22 41 91 
7 38 8 
54 81 19 
49 59 66 
90 41 84 
17 46 77 
15 62 14 
84 59 79 
90 89 69 
99 84 73 
22 35 20 
10 88 66 
61 25 31 
93 5 90 
59 82 98 
94 7 47 
75 61 83 
91 47 16 
66 98 32 
97 29 38 
51 70 88 
5 33 3 
46 79 45 
67 54 99 
69 24 9 
54 6 73 
33 43 92 
61 64 27 
13 66 74 
19 60 79 
95 42 17 
6 89 84 
95 8 56 
27 2 18 
66 25 75 
40 1 71 
73 28 51 
61 89 93 
74 89 7 
32 44 28 
18 67 64 
90 10 24 
77 45 89 
1 55 69 
13 93 8 
47 43 13 
64 31 59 
69 40 15 
74 56 64 
41 63 51 
23 36 31 
13 35 70 
55 46 97 
15 15 9 
46 77 56 
50 71 76 
38 41 6 
17 19 17 
73 19 3 
40 62 27 
8 95 52 
47 37 20 
18 50 74 
86 45 23 
54 81 78 
0 77 79 
76 48 38 
38 35 78 
47 59 46 
12 84 19 
70 36 34 
76 95 98 
25 17 58 
7 92 37 
48 88 0 
17 39 65 
18 73 62 
95 8 74 
37 88 98 
53 42 62 
69 54 93 
35 37 69 
71 16 0 
48 81 64 
66 91 51 
26 2 73 
92 76 57 
64 66 10 
61 3 75 
54 92 25 
73 66 63 
92 86 33 
73 59 93 
93 48 45 
51 57 47 
76 61 45 
52 89 5 
86 32 52 
8 48 91 
65 79 5 
50 40 4 
47 84 35 
67 53 2 
98 28 82 
39 92 3 
98 22 23 
39 18 31 
92 55 86 
21 8 71 
25 8 58 
93 71 58 
98 27 58 
69 69 68 
63 13 74 
37 94 24 
61 50 12 
45 2 5 
12 61 95 
94 84 95 
5 91 18 
71 61 31 
3 1 35 
57 77 67 
35 94 7 
60 47 3 
37 2 75 
12 35 99 
51 70 87 
19 66 45 
33 57 20 
66 65 88 
41 46 22 
63 58 67 
82 76 93 
89 10 0 
8 67 84 
23 79 44 
13 0 79 
67 68 62 
57 41 60 
81 30 45 
37 82 87 
73 34 61 
45 85 77 
82 23 40 
39 18 59 
93 30 86 
37 82 72 
0 61 87 
2 97 76 
22 5 34 
22 75 59 
27 39 77 
18 9 38 
30 56 11 
57 72 74 
68 98 36 
35 71 33 
99 15 10 
15 78 69 
11 82 99 
88 20 79 
54 21 10 
57 73 34 
89 90 82 
49 45 14 
84 8 0 
98 77 87 
6 3 11 
91 13 55 
50 78 42 
21 60 74 
71 92 74 
10 3 20 
75 87 79 
53 74 75 
47 35 53 
8 32 99 
83 35 71 
38 5 27 
54 39 97 
95 9 23 
66 2 23 
18 84 71 
90 97 11 
24 25 46 
98 19 25 
44 58 22 
46 76 83 
54 26 47 
78 91 78 
53 39 19 
16 77 53 
61 72 53 
56 79 75 
73 14 5 
74 99 37 
88 75 21 
88 43 56 
79 60 53 
47 26 65 
35 29 26 
21 71 79 
87 28 82 
51 29 85 
2 75 53 
24 70 65 
2 32 90 
37 30 75 
74 12 22 
91 26 26 
91 43 52 
15 53 79 
41 66 44 
44 5 22 
14 27 4 
88 64 52 
68 76 56 
78 57 3 
90 18 31 
25 94 7 
8 4 46 
64 49 81 
4 4 40 
57 94 89 
86 14 47 
92 46 63 
53 23 95 
82 97 64 
86 81 7 
97 7 7 
83 97 84 
71 78 19 
74 97 45 
80 81 52 
35 25 26 
24 33 14 
79 32 83 
64 21 55 
93 2 64 
91 3 30 
72 2 48 
77 72 32 
65 40 92 
73 17 49 
62 31 84 
95 32 42 
20 53 19 
76 75 44 
32 3 19 
27 12 5 
91 74 77 
86 87 82 
19 76 65 
33 6 79 
28 72 22 
54 45 41 
28 30 20 
58 43 89 
65 39 23 
62 20 99 
41 43 34 
96 83 35 
62 9 65 
37 95 79 
36 53 58 
8 82 69 
77 84 47 
78 17 36 
22 49 13 
68 34 36 
77 35 91 
10 50 2 
28 57 78 
41 79 37 
90 65 11 
97 22 99 
0 69 90 
83 68 44 
30 52 56 
15 31 19 
18 29 71 
75 98 88 
77 72 31 
24 7 55 
24 75 72 
84 6 81 
37 81 91 
28 46 7 
11 83 53 
26 38 98 
46 93 38 
42 25 18 
27 46 4 
27 52 45 
89 18 92 
2 79 7 
5 8 28 
51 99 40 
98 95 80 
19 8 37 
23 88 48 
94 3 41 
94 21 69 
33 7 63 
0 86 3 
55 35 84 
76 76 73 
42 17 57 
65 11 14 
64 88 36 
28 22 31 
60 3 37 
63 27 37 
28 44 79 
18 15 58 
20 30 46 
70 36 7 
7 52 83 
32 42 88 
31 49 1 
90 89 76 
72 70 2 
4 7 84 
33 51 41 
1 66 85 
92 90 16 
54 62 36 
22 40 57 
97 95 39 
71 32 70 
17 39 91 
64 26 40 
17 86 26 
31 78 53 
68 91 47 
25 11 77 
5 8 63 
68 74 54 
95 26 69 
42 36 99 
86 86 76 
14 34 76 
12 66 39 
0 35 78 
27 53 92 
28 22 0 
85 95 54 
98 81 15 
15 60 79 
49 82 20 
97 39 0 
46 11 37 
47 78 79 
81 65 12 
45 92 1 
27 59 93 
58 18 83 
45 1 17 
36 48 51 
84 85 7 
87 25 60 
30 25 2 
90 25 66 
16 71 41 
54 74 93 
20 8 5 
80 53 16 
89 1 64 
55 96 55 
34 38 54 
94 88 52 
49 1 33 
66 22 69 
5 72 39 
4 27 22 
22 71 19 
2 10 32 
97 51 40 
87 32 71 
1 75 98 
61 10 35 
14 54 20 
70 0 25 
90 56 78 
24 27 30 
43 53 36 
51 52 85 
38 31 40 
80 43 8 
36 13 27 
64 23 63 
77 31 92 
48 95 14 
38 69 38 
78 47 95 
25 36 48 
88 84 65 
60 68 76 
93 51 14 
90 22 36 
26 70 62 
83 85 61 
85 92 3 
32 20 16 
55 46 52 
97 63 79 
47 95 98 
79 60 18 
72 18 42 
61 25 53 
67 34 28 
22 45 71 
25 51 24 
99 93 53 
77 89 37 
46 78 79 
26 31 23 
60 79 51 
5 47 0 
19 33 87 
17 53 40 
3 22 79 
92 45 49 
20 25 68 
12 48 45 
6 66 82 
44 27 56 
91 96 73 
60 46 56 
74 96 99 
28 73 19 
60 52 62 
17 97 85 
49 45 50 
20 63 60 
71 84 38 
15 51 90 
38 99 1 
66 93 96 
58 53 32 
84 47 57 
86 86 27 
73 33 35 
68 10 50 
99 15 29 
54 83 8 
29 82 58 
27 43 58 
21 67 36 
2 99 65 
92 29 1 
13 53 51 
6 23 89 
44 79 16 
87 77 25 
30 87 87 
39 45 13 
90 94 39 
84 39 25 
63 48 69 
18 58 20 
12 90 18 
88 47 92 
30 41 68 
25 29 78 
78 98 62 
88 46 63 
65 9 37 
83 60 81 
4 64 92 
76 57 24 
44 38 38 
80 78 65 
15 51 82 
89 17 66 
96 42 60 
87 61 74 
24 4 88 
90 59 50 
48 18 18 
33 94 69 
51 81 49 
34 70 37 
10 98 50 
55 93 45 
42 1 35 
10 87 91 
26 42 21 
85 26 3 
81 10 77 
71 89 40 
37 6 62 
22 44 48 
77 11 28 
29 5 69 
29 77 4 
79 0 83 
84 34 69 
43 44 78 
63 27 51 
11 34 64 
28 38 89 
77 91 33 
85 8 38 
62 14 43 
60 52 0 
36 2 22 
9 33 95 
5 86 15 
73 95 11 
13 8 57 
22 76 55 
53 86 36 
61 37 76 
26 70 24 
46 59 14 
24 72 95 
77 0 12 
68 23 86 
57 80 34 
33 50 82 
17 85 63 
40 99 99 
60 9 21 
75 69 1 
33 15 38 
31 60 2 
52 14 76 
28 59 95 
61 20 74 
48 16 27 
92 58 98 
59 24 76 
96 60 43 
89 79 25 
32 54 58 
26 1 86 
13 29 36 
37 24 31 
64 32 28 
80 49 49 
62 62 13 
1 94 1 
25 56 53 
67 67 11 
94 22 17 
25 85 66 
10 51 14 
77 64 64 
81 12 74 
25 33 32 
38 32 46 
28 89 7 
41 33 98 
3 55 96 
61 42 23 
62 57 6 
64 82 75 
59 58 14 
28 78 18 
55 37 63 
8 3 49 
32 84 36 
65 43 32 
34 23 63 
89 35 55 
53 9 6 
66 8 80 
2 71 42 
2 1 68 
53 11 85 
29 34 40 
17 75 7 
37 31 43 
79 83 49 
68 2 24 
49 42 18 
53 5 9 
33 64 67 
38 7 89 
29 40 79 
14 73 29 
65 45 91 
50 95 37 
79 1 85 
1 12 45 
69 28 17 
51 83 14 
44 67 63 
82 92 48 
28 56 47 
48 33 16 
35 80 86 
60 72 32 
29 87 83 
41 74 51 
89 50 36 
80 59 40 
60 9 29 
34 39 46 
41 5 47 
63 1 13 
46 84 67 
91 27 81 
0 23 21 
72 63 69 
21 88 76 
96 94 1 
76 67 67 
78 34 88 
17 73 54 
81 13 93 
2 37 36 
24 74 35 
57 91 76 
41 7 75 
15 87 44 
89 92 73 
53 50 47 
91 59 52 
59 23 76 
87 16 12 
42 87 15 
5 41 84 
7 52 84 
35 31 88 
74 93 48 
33 61 94 
21 26 11 
60 92 31 
91 51 94 
81 14 87 
58 99 54 
8 38 86 
82 17 26 
82 80 13 
57 82 64 
93 46 38 
61 26 39 
80 17 74 
16 45 56 
88 33 21 
81 9 20 
8 41 49 
98 26 71 
51 8 30 
24 80 39 
22 71 20 
71 38 0 
38 55 42 
7 41 61 
20 86 99 
23 83 82 
71 23 8 
26 85 79 
59 72 57 
68 30 66 
52 60 88 
8 22 69 
65 74 69 
0 67 73 
48 54 76 
45 12 45 
54 41 23 
98 96 6 
89 98 31 
33 76 71 
87 20 34 
28 44 43 
90 91 15 
47 87 38 
97 22 60 
96 29 68 
41 70 8 
34 93 85 
2 49 21 
97 40 89 
59 91 70 
43 90 79 
70 95 89 
70 20 86 
14 93 15 
19 81 33 
99 64 29 
2 32 92 
82 9 24 
55 32 47 
97 65 31 
46 9 90 
71 82 62 
6 90 81 
76 96 64 
82 60 44 
54 92 2 
6 42 1 
62 65 33 
65 56 63 
30 81 62 
1 87 3 
6 23 22 
96 28 34 
74 12 11 
49 5 53 
18 1 32 
10 54 8 
0 60 51 
87 95 97 
60 83 17 
25 47 61 
68 35 60 
72 10 42 
64 92 24 
95 85 57 
34 12 88 
46 6 97 
68 82 85 
66 29 83 
92 62 63 
25 46 2 
76 61 54 
97 99 39 
28 71 42 
48 69 43 
90 32 3 
97 54 19 
77 51 58 
82 66 64 
49 29 55 
59 57 6 
0 29 57 
32 64 21 
86 90 24 
59 22 18 
76 43 55 
57 19 71 
48 47 16 
8 69 62 
38 96 43 
52 53 64 
66 42 81 
85 46 0 
90 16 19 
65 37 14 
77 9 54 
95 66 54 
50 27 86 
15 8 82 
82 48 18 
68 24 69 
33 69 14 
89 53 74 
83 3 70 
5 89 42 
31 37 61 
14 51 80 
49 9 54 
19 64 55 
4 35 3 
98 85 44 
90 17 48 
7 89 2 
1 32 56 
70 77 84 
24 68 96 
23 80 77 
58 85 58 
15 8 61 
27 55 69 
39 10 45 
1 82 19 
82 90 57 
47 11 1 
56 1 48 
94 1 16 
54 5 96 
52 30 36 
46 15 35 
23 33 37 
23 39 44 
77 20 58 
72 37 5 
58 76 8 
46 20 69 
39 7 11 
77 90 57 
65 9 15 
25 24 76 
70 35 89 
70 71 86 
21 44 14 
97 69 30 
58 49 96 
67 92 72 
51 23 4 
97 24 47 
0 29 65 
41 51 66 
67 98 13 
17 62 72 
90 57 68 
47 56 14 
42 98 4 
28 17 74 
83 60 5 
67 45 59 
6 88 3 
29 92 68 
30 44 17 
16 27 50 
51 35 32 
4 71 67 
79 48 68 
18 53 76 
77 25 65 
52 23 40 
31 89 33 
90 87 19 
84 90 99 
36 65 10 
60 78 92 
80 91 79 
63 38 82 
79 36 89 
60 46 7 
21 23 54 
68 46 40 
31 92 91 
73 97 73 
76 90 6 
79 5 64 
45 40 26 
37 90 48 
31 39 23 
53 72 65 
82 76 77 
35 15 25 
86 6 85 
8 35 79 
96 48 50 
83 38 32 
5 51 99 
80 49 28 
61 73 99 
17 99 24 
26 56 40 
28 17 19 
83 42 83 
8 70 16 
12 23 56 
21 98 74 
4 72 24 
69 55 15 
25 99 39 
26 73 84 
29 36 67 
37 35 14 
82 53 78 
82 25 74 
27 89 60 
55 49 95 
38 75 91 
22 56 98 
2 78 23 
5 57 0 
93 72 39 
6 76 60 
68 94 51 
15 88 73 
29 47 80 
42 27 93 
19 31 45 
14 76 43 
72 82 32 
20 38 80 
67 31 47 
82 58 6 
59 93 92 
33 52 52 
4 64 6 
89 41 64 
3 84 13 
80 91 99 
23 70 20 
65 69 22 
63 43 41 
62 32 76 
18 99 54 
56 44 39 
58 3 56 
63 60 75 
10 51 26 
7 48 83 
77 58 48 
84 29 91 
45 52 49 
26 2 42 
59 51 18 
6 25 13 
19 91 16 
14 74 98 
91 61 70 
6 79 44 
76 40 98 
95 87 33 
70 1 91 
33 44 45 
32 26 80 
4 0 38 
63 81 28 
78 22 92 
26 23 28 
23 95 73 
55 6 89 
74 43 3 
27 76 28 
33 12 50 
56 32 93 
15 96 29 
2 28 20 
90 38 95 
48 77 18 
53 62 49 
75 70 57 
69 11 97 
94 52 46 
77 97 65 
13 78 58 
0 70 45 
82 19 69 
3 80 54 
98 11 79 
41 57 54 
42 44 87 
54 69 45 
37 15 1 
64 70 45 
51 31 35 
78 81 11 
35 95 62 
67 49 80 
20 99 84 
69 78 56 
86 55 82 
26 94 60 
19 74 68 
21 68 41 
16 92 73 
73 93 41 
18 10 43 
86 69 32 
25 99 43 
7 84 87 
18 58 54 
3 56 0 
18 94 12 
32 72 2 
65 37 83 
37 28 89 
2 80 23 
57 8 9 
14 37 19 
55 81 68 
78 54 18 
51 9 74 
0 83 25 
0 99 92 
21 99 22 
18 29 45 
23 53 45 
95 14 29 
24 65 53 
4 53 72 
31 28 61 
4 6 4 
39 34 77 
77 40 3 
77 92 91 
15 31 38 
92 16 10 
64 11 81 
35 16 76 
97 55 56 
20 28 79 
42 55 41 
26 83 67 
37 78 96 
7 95 16 
69 58 72 
42 92 33 
25 86 54 
92 22 92 
28 68 86 
31 13 84 
24 12 17 
94 12 63 
53 19 63 
26 6 22 
47 70 96 
37 50 41 
64 36 56 
94 91 16 
27 51 51 
88 87 73 
95 77 55 
39 43 35 
70 48 83 
25 81 98 
89 1 0 
35 7 13 
90 67 49 
97 34 86 
71 14 60 
76 27 11 
65 81 54 
2 39 2 
27 57 10 
89 99 50 
86 8 39 
79 5 85 
35 74 20 
61 61 72 
23 26 26 
20 44 57 
75 70 24 
72 6 65 
48 68 53 
22 33 43 
35 98 63 
24 70 81 
87 74 85 
44 27 18 
95 0 26 
27 84 4 
60 44 31 
77 39 1 
3 8 15 
34 25 80 
15 41 50 
72 88 80 
41 15 9 
98 52 14 
88 66 64 
43 92 76 
73 7 12 
52 14 4 
30 41 93 
8 64 23 
63 68 71 
91 39 82 
24 70 64 
9 12 67 
35 18 71 
61 90 43 
4 70 89 
5 59 22 
58 39 23 
70 56 17 
38 23 32 
42 58 18 
64 74 64 
81 63 79 
40 67 0 
54 66 20 
50 36 91 
55 56 46 
53 57 82 
22 84 50 
72 82 9 
78 50 78 
7 52 16 
61 19 66 
46 60 80 
29 42 91 
24 54 68 
40 89 85 
67 77 39 
21 82 16 
53 85 90 
29 7 1 
14 4 55 
40 19 95 
62 0 69 
6 92 66 
89 5 83 
35 85 94 
69 96 12 
87 49 38 
75 2 79 
90 84 80 
14 27 72 
3 81 3 
97 32 89 
59 72 59 
46 65 69 
35 8 32 
87 57 15 
99 81 32 
74 65 55 
48 81 25 
0 96 6 
20 57 76 
6 43 6 
59 83 75 
43 80 47 
90 42 63 
86 72 15 
74 17 82 
96 36 59 
81 3 74 
56 62 12 
41 16 41 
43 79 53 
71 34 73 
56 13 19 
16 82 53 
32 35 61 
47 54 9 
4 81 11 
63 80 99 
79 56 40 
85 30 14 
67 45 96 
88 91 80 
1 38 74 
96 86 69 
37 79 31 
40 71 10 
7 82 15 
8 44 77 
27 21 64 
53 76 23 
61 57 8 
80 55 95 
96 36 27 
86 26 76 
77 57 44 
99 95 30 
38 40 57 
96 60 56 
85 13 59 
81 12 46 
49 48 8 
4 43 91 
15 83 47 
53 96 89 
31 2 13 
89 40 26 
81 33 82 
45 6 77 
91 93 49 
76 14 43 
0 67 82 
10 81 36 
67 85 50 
85 1 23 
61 19 58 
13 88 25 
5 50 75 
40 76 62 
69 67 1 
65 52 42 
97 57 21 
72 8 39 
47 65 65 
26 51 89 
53 49 68 
51 38 81 
56 45 22 
5 98 53 
83 54 78 
31 90 66 
78 55 31 
13 46 33 
67 10 10 
39 16 78 
90 3 40 
11 34 66 
89 71 11 
13 52 7 
71 38 29 
49 44 52 
65 99 75 
62 97 87 
94 42 38 
8 38 78 
85 30 55 
19 41 69 
8 80 91 
74 67 16 
94 78 8 
64 55 99 
1 36 74 
77 55 81 
70 85 7 
78 73 64 
99 5 32 
69 50 53 
73 60 0 
45 77 78 
19 95 57 
88 63 74 
35 89 92 
70 39 94 
66 66 11 
77 4 74 
69 18 61 
77 36 40 
95 68 96 
66 92 49 
39 68 11 
74 88 85 
82 78 93 
94 77 65 
53 57 84 
6 75 26 
17 82 26 
90 20 58 
37 50 58 
85 9 14 
59 51 28 
50 71 65 
76 59 83 
54 49 19 
33 50 91 
11 21 97 
75 89 34 
42 55 45 
76 80 0 
67 23 44 
16 9 12 
80 81 35 
39 68 85 
84 45 55 
10 99 18 
9 59 54 
54 66 43 
21 87 77 
37 94 58 
10 77 91 
90 5 35 
1 61 68 
97 52 7 
66 50 39 
48 2 40 
94 73 9 
9 89 89 
15 74 34 
24 1 63 
89 28 86 
79 15 8 
79 83 85 
45 15 65 
99 15 33 
47 85 4 
12 32 60 
54 76 66 
0 35 46 
48 4 77 
76 98 31 
16 50 75 
22 7 32 
59 34 40 
93 61 63 
19 91 98 
93 89 16 
66 82 2 
80 30 16 
65 32 43 
4 94 55 
46 95 12 
11 57 96 
0 82 64 
63 50 41 
88 65 23 
53 56 47 
15 8 77 
71 35 54 
72 76 49 
49 53 29 
35 42 86 
37 46 53 
39 14 52 
2 41 36 
47 73 6 
15 15 14 
92 39 22 
22 94 3 
59 78 41 
0 61 9 
2 8 80 
60 71 26 
72 24 32 
79 37 16 
40 61 67 
99 64 55 
64 28 76 
10 18 24 
36 79 56 
20 88 49 
4 59 67 
95 90 55 
60 37 84 
11 30 59 
17 35 54 
55 83 72 
6 21 20 
29 56 11 
11 55 48 
30 32 35 
10 98 9 
53 19 40 
71 21 21 
94 37 71 
22 47 35 
57 46 49 
25 12 27 
75 52 42 
85 3 5 
54 93 12 
34 97 42 
99 50 45 
51 55 85 
11 96 66 
50 32 87 
98 14 0 
88 84 30 
6 52 11 
9 79 27 
92 73 35 
96 14 62 
32 25 16 
22 28 15 
78 70 61 
99 64 81 
22 94 64 
96 1 94 
46 98 83 
25 49 89 
0 49 33 
49 44 41 
14 63 57 
11 58 61 
94 50 43 
84 27 86 
80 49 41 
70 22 4 
52 17 33 
26 40 17 
67 6 89 
96 51 71 
34 63 59 
3 4 23 
44 63 74 
57 46 97 
84 22 14 
70 93 32 
46 74 61 
20 89 44 
7 20 79 
91 49 15 
24 73 25 
26 82 61 
92 26 75 
92 38 23 
77 31 61 
75 15 96 
81 87 39 
94 91 1 
64 18 20 
55 21 20 
1 99 2 
89 41 84 
53 97 31 
91 58 44 
88 97 22 
57 10 24 
74 79 82 
68 94 0 
28 4 60 
75 85 30 
23 88 57 
79 20 85 
42 46 95 
55 11 63 
81 47 65 
14 92 91 
99 21 28 
32 8 63 
73 12 74 
78 89 42 
44 8 83 
41 77 60 
15 59 91 
47 65 32 
45 97 44 
29 45 71 
32 69 48 
92 24 69 
75 87 91 
30 50 47 
1 81 43 
50 20 34 
77 22 45 
74 89 13 
13 98 1 
18 92 83 
75 52 41 
7 1 35 
22 39 99 
41 64 3 
68 74 98 
15 96 99 
87 11 24 
84 74 62 
72 24 49 
78 31 29 
12 99 73 
0 51 5 
17 58 26 
18 3 88 
1 97 87 
64 59 72 
20 96 58 
60 8 6 
76 14 80 
21 49 48 
38 3 4 
2 89 80 
22 43 13 
42 53 55 
44 13 73 
25 25 28 
73 72 70 
69 12 21 
3 25 9 
28 89 68 
43 29 51 
24 49 49 
48 51 75 
17 57 74 
94 56 50 
23 77 52 
84 87 7 
39 4 1 
78 83 2 
81 72 63 
10 52 97 
91 46 79 
2 94 42 
58 57 75 
69 51 57 
99 85 19 
71 56 17 
33 73 61 
16 4 22 
80 88 58 
42 44 60 
18 67 88 
23 1 31 
59 99 8 
13 78 89 
9 91 58 
17 57 13 
99 68 33 
95 26 3 
11 67 33 
27 43 73 
61 59 1 
3 54 98 
25 49 31 
50 98 13 
36 12 91 
91 75 81 
52 19 55 
64 27 42 
18 65 14 
65 11 5 
68 35 71 
27 94 55 
11 79 96 
47 93 1 
44 23 6 
51 14 29 
53 18 40 
63 54 19 
0 93 57 
6 92 65 
64 99 38 
40 30 56 
80 31 22 
53 1 61 
99 86 25 
7 1 6 
69 57 68 
73 86 55 
67 67 4 
8 28 97 
86 6 58 
33 97 11 
26 73 0 
65 71 65 
65 4 64 
82 41 51 
7 65 89 
4 20 24 
42 58 54 
97 38 88 
77 52 59 
60 39 87 
64 48 80 
12 54 23 
89 15 88 
35 4 65 
86 41 34 
68 46 45 
12 19 16 
5 19 81 
3 48 89 
13 96 24 
9 29 99 
99 42 39 
93 64 90 
51 9 58 
35 18 37 
89 1 39 
19 65 50 
80 42 15 
49 47 79 
49 77 97 
9 25 10 
42 68 21 
98 59 65 
77 5 45 
45 53 69 
91 5 33 
79 57 96 
27 66 61 
47 76 50 
74 49 57 
88 24 65 
83 40 67 
13 85 98 
44 8 41 
42 84 83 
49 86 38 
83 11 90 
23 38 39 
58 55 45 
32 10 63 
5 26 33 
81 57 83 
42 64 14 
3 92 5 
79 36 65 
13 52 49 
30 48 62 
86 1 89 
81 21 59 
58 40 92 
27 35 48 
79 90 62 
0 31 44 
77 60 67 
63 92 33 
98 82 28 
55 2 13 
17 16 15 
64 59 32 
6 69 66 
30 59 86 
60 50 57 
70 61 35 
38 86 6 
15 50 55 
51 76 96 
54 13 37 
2 44 72 
49 17 11 
60 76 1 
48 51 68 
30 87 30 
26 75 80 
43 25 33 
60 66 82 
0 15 3 
40 89 51 
68 14 55 
97 83 87 
40 58 2 
36 63 29 
80 1 63 
46 27 29 
61 30 76 
91 14 6 
99 69 75 
89 40 82 
1 98 16 
45 45 13 
16 11 92 
69 83 41 
54 2 30 
58 12 28 
81 22 56 
59 64 12 
68 80 95 
29 81 88 
17 50 85 
68 35 94 
66 33 12 
63 14 92 
56 99 88 
65 77 38 
25 11 13 
74 74 39 
14 89 15 
54 31 22 
33 88 0 
79 16 15 
83 2 92 
95 47 75 
33 23 57 
53 53 40 
5 19 80 
25 59 28 
14 10 71 
18 0 81 
70 12 28 
65 19 34 
38 9 77 
17 75 69 
33 35 14 
7 9 23 
79 89 62 
77 79 12 
11 1 49 
8 84 46 
98 95 66 
6 68 59 
11 30 52 
68 16 58 
9 94 17 
86 7 2 
26 71 16 
98 67 41 
58 70 81 
85 97 70 
99 82 78 
17 21 16 
7 11 48 
44 53 94 
26 86 4 
1 21 0 
98 85 2 
94 83 93 
14 67 75 
38 0 43 
53 94 72 
57 2 80 
24 31 5 
91 70 11 
69 38 77 
37 12 96 
31 70 31 
49 54 3 
49 29 93 
34 20 75 
86 84 29 
85 93 28 
64 66 87 
15 37 72 
24 88 17 
63 66 54 
95 10 72 
80 12 0 
54 12 61 
26 1 43 
44 55 41 
83 42 8 
20 6 16 
73 6 99 
87 91 55 
55 80 55 
5 85 31 
75 3 37 
7 96 90 
77 75 36 
5 21 92 
33 58 97 
23 93 18 
28 72 83 
65 95 51 
82 84 19 
66 41 62 
23 71 91 
26 42 80 
40 5 95 
28 79 7 
53 3 49 
44 85 48 
5 51 90 
78 26 63 
21 38 83 
96 41 48 
1 57 32 
48 86 39 
82 21 19 
28 70 30 
71 45 46 
13 55 1 
84 6 9 
23 7 1 
13 93 99 
99 56 82 
40 88 63 
29 15 36 
24 48 6 
80 71 43 
45 43 64 
64 65 19 
55 7 34 
60 32 38 
24 78 72 
95 61 34 
39 5 29 
48 39 40 
21 94 65 
23 49 72 
15 18 72 
3 38 40 
34 43 33 
67 18 54 
1 71 4 
32 11 65 
80 16 95 
24 7 52 
89 0 33 
51 5 44 
8 38 51 
41 45 57 
41 89 64 
39 57 5 
92 13 78 
67 72 87 
58 87 99 
99 19 76 
67 47 54 
9 48 53 
37 57 99 
81 63 88 
61 65 22 
63 60 55 
43 29 90 
32 22 11 
7 60 53 
92 76 18 
9 29 56 
45 56 89 
98 87 83 
77 33 65 
83 86 31 
31 23 17 
49 98 92 
67 13 91 
89 16 82 
29 20 6 
68 46 28 
91 83 86 
4 43 58 
21 36 59 
75 14 91 
84 65 4 
25 40 48 
40 14 70 
8 46 3 
73 24 0 
31 67 77 
73 68 2 
44 39 87 
30 76 0 
85 24 84 
17 19 82 
19 11 5 
28 68 45 
43 71 93 
66 20 5 
54 9 6 
4 11 30 
57 77 26 
63 75 63 
78 47 20 
32 5 57 
80 4 90 
24 69 45 
42 6 89 
94 28 94 
28 39 80 
51 17 96 
22 30 19 
98 74 18 
54 38 57 
98 27 11 
45 42 32 
22 46 60 
95 59 58 
78 14 79 
14 55 15 
40 1 82 
17 13 28 
27 46 15 
23 89 62 
43 88 98 
93 60 65 
77 88 95 
98 14 22 
37 99 77 
60 22 59 
52 33 40 
78 90 72 
41 64 24 
26 85 66 
55 81 45 
44 70 69 
48 52 97 
41 72 63 
58 57 57 
1 47 21 
2 10 29 
34 11 90 
88 67 53 
0 98 52 
31 86 92 
46 6 48 
86 9 80 
83 95 97 
54 64 77 
70 25 94 
29 72 88 
92 46 3 
24 42 51 
35 77 45 
39 74 51 
92 69 72 
0 58 90 
28 30 26 
25 50 58 
2 33 68 
22 63 87 
68 69 64 
40 86 25 
33 15 90 
25 54 82 
81 7 80 
85 93 60 
38 11 74 
42 4 9 
2 27 17 
69 51 32 
87 51 83 
14 99 90 
69 56 80 
81 66 97 
19 7 26 
68 73 64 
52 2 66 
16 31 66 
34 54 79 
52 52 34 
55 6 96 
11 72 22 
40 56 62 
70 63 4 
6 12 6 
7 59 38 
84 94 49 
29 19 22 
43 84 55 
5 16 44 
95 94 48 
33 18 86 
39 36 40 
75 15 83 
81 8 38 
43 25 81 
98 25 80 
60 92 67 
55 20 58 
18 96 61 
0 72 75 
56 30 74 
66 21 68 
91 22 30 
38 86 26 
41 9 50 
20 13 58 
36 58 1 
45 22 70 
82 20 58 
13 18 33 
20 28 8 
65 23 80 
90 31 40 
88 81 77 
37 84 48 
77 9 16 
60 54 89 
1 94 16 
59 32 24 
73 28 81 
37 66 60 
61 79 54 
76 23 64 
77 55 75 
33 75 30 
24 68 85 
88 8 60 
68 98 18 
33 30 94 
51 75 94 
62 36 1 
31 83 91 
80 23 39 
47 72 72 
28 33 69 
39 98 13 
66 57 70 
2 28 11 
84 40 84 
61 94 46 
38 57 90 
39 26 80 
3 41 32 
37 46 34 
8 97 6 
82 49 79 
41 37 5 
33 61 3 
57 63 35 
24 3 66 
85 75 97 
3 86 38 
20 41 82 
44 33 57 
43 14 23 
53 55 18 
13 34 30 
40 41 69 
19 33 85 
68 78 18 
5 18 73 
3 49 5 
84 8 88 
31 73 36 
61 9 68 
15 33 82 
25 75 14 
12 75 27 
26 38 21 
84 63 34 
43 25 38 
3 87 37 
33 1 29 
46 61 76 
80 96 72 
19 73 86 
83 17 89 
32 79 81 
18 90 5 
90 98 20 
16 5 28 
6 74 59 
75 22 65 
97 32 39 
99 21 58 
44 64 45 
40 34 76 
67 71 3 
81 13 72 
12 85 62 
68 47 19 
21 34 80 
50 36 41 
81 78 28 
11 36 91 
94 21 74 
83 13 24 
56 44 59 
50 48 74 
13 89 2 
70 75 33 
48 88 22 
69 92 28 
72 68 7 
11 29 48 
37 20 72 
31 19 53 
10 80 8 
16 36 24 
33 53 79 
21 55 89 
59 19 41 
51 81 73 
5 35 81 
2 35 16 
70 32 69 
31 45 5 
54 72 92 
69 1 47 
56 43 27 
27 12 60 
64 1 32 
67 91 49 
68 89 12 
88 65 1 
10 58 50 
23 16 94 
87 47 61 
22 78 87 
4 21 26 
44 13 82 
81 29 72 
26 92 76 
29 1 52 
3 29 37 
3 46 80 
44 1 81 
56 11 88 
45 28 26 
90 34 44 
82 34 19 
8 49 16 
93 84 13 
21 61 35 
35 6 61 
91 57 27 
5 36 62 
55 38 50 
45 54 10 
20 21 79 
77 38 39 
20 44 43 
4 15 84 
28 37 13 
57 91 28 
28 20 95 
53 49 97 
74 44 8 
25 57 21 
4 3 73 
17 29 26 
94 59 36 
14 16 0 
40 38 87 
2 82 21 
55 31 88 
36 96 24 
97 96 36 
99 56 15 
54 54 42 
9 66 77 
56 19 11 
39 54 83 
3 4 21 
95 69 9 
55 62 91 
40 48 4 
3 94 15 
28 31 14 
95 16 16 
92 87 61 
15 34 77 
37 9 2 
90 17 89 
92 84 26 
75 17 8 
41 72 68 
42 85 83 
55 63 6 
82 90 17 
36 1 44 
73 50 82 
38 6 27 
37 0 12 
41 30 52 
91 80 61 
14 33 9 
9 98 1 
84 29 56 
49 62 47 
37 51 55 
93 44 83 
15 64 80 
88 43 99 
49 4 63 
21 85 1 
5 75 52 
38 32 24 
30 21 99 
57 8 66 
84 94 77 
19 24 6 
59 49 87 
4 32 4 
3 54 58 
31 78 3 
35 70 17 
19 76 47 
32 42 8 
30 38 38 
84 84 75 
64 78 14 
29 1 78 
88 11 80 
11 96 69 
55 94 7 
4 51 56 
90 72 92 
57 32 51 
33 53 88 
11 4 50 
60 28 41 
82 25 92 
72 91 94 
91 48 8 
77 31 78 
25 29 7 
22 86 49 
93 76 0 
81 50 5 
64 55 97 
8 72 99 
56 12 83 
6 38 99 
13 80 47 
37 63 56 
22 85 12 
42 44 72 
68 3 42 
16 64 31 
8 74 86 
91 11 30 
38 87 88 
10 13 47 
98 54 52 
74 87 51 
93 8 73 
39 6 40 
55 36 26 
4 81 11 
41 0 95 
94 42 52 
6 69 66 
26 79 70 
86 99 70 
64 49 89 
70 65 25 
4 26 50 
91 1 35 
22 97 72 
79 85 83 
25 97 32 
64 62 70 
54 38 35 
64 5 92 
49 20 17 
35 47 77 
96 67 86 
51 91 12 
84 34 11 
92 59 3 
56 39 55 
88 58 64 
77 26 69 
61 45 2 
98 35 47 
57 90 38 
25 9 3 
36 25 25 
89 8 29 
82 27 4 
50 31 25 
48 56 25 
49 35 18 
40 17 40 
74 70 10 
61 44 53 
51 15 80 
51 51 27 
25 28 65 
79 27 4 
97 35 59 
1 59 82 
78 59 24 
76 71 6 
66 38 21 
64 9 28 
56 88 55 
49 19 78 
79 48 22 
76 94 54 
52 4 26 
67 4 63 
8 6 83 
21 43 35 
89 93 37 
47 98 4 
66 7 95 
74 55 20 
29 81 68 
51 52 88 
45 87 23 
78 25 92 
95 63 84 
10 85 62 
8 69 25 
5 10 56 
1 26 30 
47 45 62 
86 33 16 
7 70 1 
15 22 41 
1 80 37 
79 12 50 
89 56 85 
79 23 57 
13 26 50 
20 11 42 
17 56 6 
50 41 81 
59 99 21 
80 5 11 
0 99 5 
7 82 12 
13 43 95 
16 44 77 
65 6 83 
11 4 28 
27 49 90 
41 22 54 
67 27 58 
78 43 35 
84 72 19 
91 9 40 
34 59 87 
88 7 11 
1 71 29 
44 4 26 
82 85 5 
98 73 52 
47 37 32 
1 91 73 
77 74 0 
30 11 44 
48 63 31 
57 36 96 
87 82 59 
69 50 66 
47 86 65 
68 47 13 
50 2 72 
40 36 71 
76 84 82 
82 31 81 
43 15 86 
9 65 89 
14 39 33 
60 51 31 
78 10 92 
71 41 73 
48 71 89 
6 37 37 
42 32 28 
59 4 82 
33 22 21 
79 48 60 
50 76 48 
60 78 66 
8 29 19 
85 99 92 
34 91 28 
58 13 25 
58 70 56 
97 88 62 
73 39 69 
11 19 73 
21 13 16 
45 43 1 
61 12 50 
19 31 77 
9 59 68 
2 76 83 
64 23 32 
45 48 9 
94 41 6 
57 83 46 
82 88 22 
49 84 33 
82 65 24 
33 97 5 
23 10 1 
51 6 11 
67 31 36 
39 98 36 
95 65 45 
92 43 15 
63 81 90 
41 57 30 
59 83 97 
92 77 89 
94 7 62 
84 40 8 
81 78 9 
40 78 22 
40 77 8 
52 1 91 
7 33 45 
46 26 72 
68 66 62 
12 92 19 
33 30 16 
98 98 37 
29 71 62 
90 39 96 
57 23 55 
74 37 83 
83 35 8 
37 38 96 
12 44 18 
51 76 12 
88 80 8 
97 31 24 
33 52 52 
14 18 88 
20 34 31 
71 50 93 
0 29 74 
98 44 60 
2 18 2 
45 36 63 
95 46 48 
44 26 89 
36 22 25 
15 5 42 
28 8 8 
1 70 70 
77 72 86 
15 18 38 
64 81 99 
70 93 56 
45 57 73 
55 45 47 
38 27 58 
41 51 54 
29 59 35 
5 60 67 
72 95 68 
10 19 61 
24 29 72 
10 47 7 
13 77 93 
41 12 50 
33 54 42 
58 81 79 
74 39 75 
70 18 59 
87 11 14 
26 64 71 
27 38 55 
29 92 71 
33 45 94 
4 29 71 
37 52 78 
63 64 84 
22 18 77 
79 71 9 
66 79 33 
97 67 24 
52 87 42 
15 43 40 
31 29 62 
72 39 51 
56 19 23 
56 20 72 
73 1 56 
53 95 25 
94 14 63 
93 34 5 
14 53 65 
90 95 11 
77 52 86 
19 45 4 
54 29 10 
5 36 63 
81 43 1 
58 55 96 
53 98 63 
47 1 52 
59 63 30 
84 10 40 
27 43 76 
68 42 55 
74 25 49 
0 55 65 
90 81 59 
74 55 67 
84 74 24 
1 74 78 
39 1 99 
47 77 30 
75 1 42 
47 84 40 
96 18 21 
51 33 88 
48 83 90 
61 65 24 
45 91 70 
97 37 68 
4 38 43 
43 43 53 
97 42 28 
66 20 82 
14 0 75 
71 99 94 
90 75 40 
63 24 23 
20 52 81 
87 69 60 
43 47 72 
22 43 67 
73 21 58 
49 46 93 
5 36 96 
0 18 43 
35 71 71 
26 48 85 
36 69 91 
20 12 70 
97 67 8 
59 78 28 
12 57 4 
76 46 19 
84 75 80 
50 1 40 
20 45 65 
92 66 40 
46 49 54 
32 22 51 
90 9 67 
10 54 64 
30 51 22 
84 5 56 
0 91 74 
37 66 92 
82 32 30 
55 6 35 
29 66 36 
4 93 63 
70 1 67 
36 18 61 
23 29 85 
19 48 80 
46 50 11 
17 65 33 
51 17 97 
40 16 61 
85 10 89 
15 54 76 
90 8 2 
94 70 66 
51 41 8 
63 74 24 
