30 80 51 
96 38 71 
68 78 40 
9 86 11 
14 65 34 
60 14 90 
99 20 13 
24 98 21 
80 36 67 
45 1 29 
89 52 53 
56 18 64 
45 85 81 
32 65 41 
63 73 53 
22 75 1 
86 90 43 
78 91 93 
72 67 20 
97 10 54 
30 90 96 
38 85 49 
96 85 90 
77 10 96 
94 73 89 
58 35 61 
63 79 63 
11 98 58 
10 11 83 
85 55 46 
82 78 35 
64 66 73 
2 52 74 
93 98 88 
20 68 85 
53 37 8 
65 64 5 
50 9 94 
80 32 11 
97 86 73 
76 95 67 
87 48 18 
82 62 87 
81 99 67 
83 70 50 
83 30 88 
42 45 66 
51 29 66 
56 62 2 
56 82 32 
77 64 48 
79 50 24 
85 64 8 
71 57 71 
47 71 77 
78 56 37 
31 47 64 
43 48 87 
36 79 39 
68 71 37 
67 15 32 
91 3 26 
69 88 13 
52 85 70 
32 54 54 
85 70 44 
34 94 18 
49 27 21 
73 76 72 
41 0 51 
19 93 29 
44 40 80 
77 57 35 
57 57 72 
32 57 72 
16 21 5 
32 42 97 
50 65 11 
52 14 90 
29 32 0 
77 44 46 
64 85 63 
63 29 74 
44 41 58 
25 56 13 
2 68 98 
7 7 61 
13 96 1 
42 0 83 
76 3 62 
81 72 51 
71 41 32 
72 21 48 
65 37 54 
17 67 13 
41 37 67 
18 39 69 
83 31 48 
32 40 61 
13 62 42 
64 5 37 
73 38 75 
91 30 11 
74 48 47 
11 76 18 
12 37 74 
90 50 56 
61 21 77 
11 5 15 
25 4 34 
59 60 16 
87 91 47 
21 29 77 
78 81 53 
65 69 44 
25 61 65 
28 77 7 
14 83 80 
10 45 20 
84 35 49 
18 6 37 
98 57 51 
15 43 22 
92 5 4 
41 63 74 
54 88 6 
25 50 79 
7 29 87 
75 69 73 
96 96 62 
60 37 90 
30 89 68 
97 11 26 
3 99 85 
81 93 42 
15 0 94 
63 78 82 
39 63 2 
10 97 71 
60 80 16 
65 55 64 
11 9 93 
69 34 73 
19 15 5 
13 47 37 
39 17 62 
42 9 60 
30 32 88 
5 34 85 
36 53 72 
26 43 72 
50 41 93 
35 12 59 
45 73 40 
54 23 28 
79 63 56 
58 32 48 
23 41 70 
8 33 24 
55 31 64 
3 50 67 
31 49 12 
91 69 63 
58 3 91 
36 42 96 
35 43 5 
85 2 37 
56 38 88 
68 65 65 
95 51 19 
3 5 38 
29 24 50 
48 44 60 
29 91 60 
71 17 92 
36 0 80 
64 72 83 
23 82 42 
85 24 42 
40 55 72 
73 57 1 
15 82 2 
76 82 4 
91 6 24 
89 38 98 
52 51 39 
6 29 97 
84 67 78 
8 7 0 
16 67 42 
59 49 31 
75 5 51 
59 20 63 
97 79 72 
64 70 94 
35 9 34 
50 42 67 
24 51 70 
11 74 85 
39 8 14 
14 44 20 
95 85 82 
72 31 96 
24 57 74 
47 80 15 
18 14 51 
30 89 73 
10 41 32 
74 50 14 
69 63 1 
11 35 28 
41 6 89 
47 65 69 
12 26 10 
55 81 73 
15 86 18 
29 79 75 
55 28 50 
75 25 14 
67 41 2 
19 62 91 
28 90 54 
50 94 53 
16 76 79 
50 69 17 
98 41 84 
77 17 51 
99 59 90 
6 7 82 
71 90 54 
79 93 76 
2 76 39 
46 95 43 
60 18 5 
86 14 38 
77 29 85 
86 68 72 
63 63 86 
19 29 89 
37 64 38 
60 71 80 
82 52 3 
32 82 48 
63 41 46 
51 2 34 
71 30 40 
41 90 2 
54 96 0 
22 69 61 
92 7 99 
24 90 14 
97 56 53 
77 92 77 
4 54 51 
61 95 44 
23 0 97 
4 83 96 
5 95 39 
88 9 84 
36 12 46 
13 30 87 
95 81 72 
84 42 40 
35 7 12 
23 42 10 
5 41 57 
77 75 74 
25 66 74 
30 26 65 
64 9 30 
97 13 78 
69 47 17 
93 62 99 
33 45 5 
88 52 14 
9 96 47 
10 67 68 
51 89 8 
52 89 55 
60 18 10 
93 19 3 
24 96 69 
50 53 85 
48 98 27 
52 49 42 
67 60 47 
19 81 66 
91 21 72 
37 64 13 
90 74 88 
55 55 3 
64 10 27 
77 53 48 
97 63 80 
40 2 73 
56 92 29 
29 81 40 
47 82 2 
64 82 38 
82 42 2 
74 8 24 
40 9 49 
94 54 86 
50 39 47 
65 90 77 
27 39 53 
15 14 24 
86 82 34 
83 54 2 
61 88 42 
53 27 64 
45 90 3 
49 45 60 
54 75 0 
37 25 4 
38 25 79 
71 45 94 
94 55 99 
30 12 78 
7 50 49 
14 83 60 
23 8 9 
24 18 0 
17 71 85 
80 82 62 
61 28 39 
29 20 73 
71 89 5 
64 80 30 
70 2 25 
37 90 50 
66 71 92 
18 48 10 
55 73 89 
56 28 61 
80 80 77 
85 1 24 
64 37 52 
76 87 32 
80 56 8 
2 46 34 
24 30 74 
20 52 98 
45 13 84 
18 3 1 
43 25 56 
37 99 98 
53 78 1 
75 44 40 
8 43 72 
44 79 49 
53 93 91 
59 20 37 
5 36 33 
71 40 85 
66 24 7 
6 43 57 
82 56 19 
51 9 14 
46 76 68 
17 87 24 
17 68 0 
74 63 12 
3 50 1 
3 44 7 
59 31 0 
69 42 18 
16 38 81 
51 10 0 
47 43 63 
28 72 10 
82 54 72 
35 48 86 
81 35 12 
41 7 96 
89 82 72 
80 94 42 
26 98 25 
94 18 15 
27 41 19 
98 74 81 
14 49 68 
22 74 78 
32 12 43 
74 63 60 
3 95 16 
6 13 60 
19 77 78 
37 22 84 
44 80 65 
84 48 35 
68 66 63 
63 50 42 
5 17 28 
16 23 50 
95 50 53 
0 50 98 
81 35 76 
70 5 77 
8 41 11 
82 41 7 
40 66 36 
60 84 84 
56 56 28 
51 22 7 
19 47 68 
48 37 99 
23 91 4 
72 52 75 
61 80 51 
48 39 92 
62 41 50 
19 83 13 
3 48 69 
4 86 5 
36 36 33 
25 72 53 
83 63 6 
60 46 76 
96 82 49 
63 30 93 
8 19 61 
83 46 45 
49 95 18 
94 97 16 
9 19 2 
35 63 76 
49 25 35 
53 44 93 
36 19 11 
34 21 94 
61 48 3 
11 26 91 
12 81 49 
81 24 32 
42 54 8 
25 25 45 
43 63 67 
52 53 17 
24 22 32 
13 26 40 
44 97 6 
62 2 80 
4 20 53 
15 75 60 
45 4 57 
5 39 3 
84 21 36 
87 83 51 
45 51 39 
60 27 38 
25 3 36 
43 94 26 
54 45 32 
79 47 91 
25 31 40 
95 93 90 
10 20 1 
27 70 52 
48 1 35 
11 93 94 
49 41 83 
87 97 98 
4 12 71 
96 37 14 
95 36 68 
6 71 53 
52 15 13 
33 33 7 
41 30 67 
74 64 32 
89 92 87 
12 0 84 
37 40 14 
69 98 55 
72 28 78 
68 83 74 
57 34 62 
59 52 83 
50 82 76 
97 4 71 
18 44 79 
31 63 37 
70 83 57 
6 44 56 
77 51 44 
17 58 21 
24 1 90 
29 76 51 
15 63 96 
51 37 64 
14 55 39 
21 21 70 
35 77 35 
63 1 16 
91 13 18 
48 54 78 
17 16 15 
2 22 32 
6 57 75 
